100,0,0
200,0,0
300,0,0
400,0,0
500,0,0
600,0,0
700,0,0
800,0,0
900,0,0
1000,0,0
1100,0,0
1200,0,2
1300,0,2
1400,0,2
1500,0,2
1600,0,3
1700,0,6
1800,0,7
1900,0,8
2000,0,9
2100,0,9
2200,0,9
2300,0,11
2400,0,11
2500,0,11
2600,0,13
2700,0,13
2800,0,13
2900,0,14
3000,0,18
3100,0,20
3200,0,20
3300,0,20
3400,0,20
3500,0,22
3600,0,24
3700,0,24
3800,0,25
3900,0,26
4000,0,27
4100,0,27
4200,0,27
4300,0,28
4400,0,28
4500,0,28
4600,0,28
4700,0,28
4800,0,29
4900,0,30
5000,0,31
5100,0,33
5200,0,37
5300,0,37
5400,0,42
5500,0,43
5600,0,44
5700,0,44
5800,0,44
5900,0,44
6000,0,44
6100,0,44
6200,0,44
6300,0,45
6400,0,45
6500,0,47
6600,0,49
6700,0,49
6800,0,51
6900,0,54
7000,0,55
7100,0,56
7200,0,56
7300,0,56
7400,0,57
7500,0,57
7600,0,58
7700,0,58
7800,0,59
7900,0,59
8000,0,60
8100,0,61
8200,0,61
8300,0,62
8400,0,63
8500,0,63
8600,0,67
8700,0,67
8800,0,69
8900,0,70
9000,0,71
9100,0,72
9200,0,72
9300,0,72
9400,0,73
9500,0,74
9600,0,75
9700,0,76
9800,0,78
9900,0,81
10000,0,82
10100,0,84
10200,0,84
10300,0,86
10400,0,86
10500,0,87
10600,0,88
10700,0,88
10800,0,89
10900,0,89
11000,0,89
11100,0,90
11200,0,91
11300,0,92
11400,0,93
11500,0,94
11600,0,95
11700,0,99
11800,0,102
11900,0,102
12000,0,102
12100,0,102
12200,0,105
12300,0,105
12400,0,105
12500,0,106
12600,0,106
12700,0,106
12800,512,107
12900,3072,108
13000,6144,108
13100,7680,108
13200,11776,108
13300,14336,109
13400,15360,110
13500,15872,110
13600,15872,112
13700,16384,112
13800,16384,114
13900,16384,116
14000,16384,118
14100,16384,119
14200,16384,120
14300,16384,120
14400,16384,122
14500,16384,124
14600,16384,127
14700,16384,127
14800,16384,128
14900,16384,129
15000,16384,129
15100,16384,131
15200,16384,131
15300,16384,134
15400,16384,134
15500,16384,134
15600,16384,135
15700,16384,135
15800,16384,135
15900,16384,137
16000,16384,140
16100,16384,140
16200,16384,141
16300,16384,143
16400,16384,144
16500,16384,144
16600,16384,146
16700,16384,147
16800,16384,148
16900,16384,150
17000,16384,150
17100,16384,150
17200,16384,151
17300,16384,151
17400,16384,152
17500,16384,152
17600,16384,152
17700,16384,153
17800,16384,155
17900,16384,155
18000,16384,156
18100,16384,156
18200,16384,156
18300,16384,158
18400,16384,160
18500,16384,163
18600,16384,164
18700,16384,166
18800,16384,168
18900,16384,169
19000,16384,170
19100,16384,170
19200,16384,171
19300,16384,172
19400,16384,172
19500,16384,173
19600,16384,174
19700,16384,175
19800,16384,175
19900,16384,175
20000,16384,175
20100,16384,177
20200,16384,178
20300,16384,182
20400,16384,183
20500,16384,184
20600,16384,186
20700,16384,187
20800,16384,187
20900,16384,187
21000,16384,188
21100,16384,190
21200,16384,190
21300,16384,191
21400,16384,191
21500,16384,191
21600,16384,192
21700,16384,192
21800,16384,195
21900,16896,199
22000,16896,201
22100,19456,206
22200,22528,206
22300,25088,207
22400,28160,207
22500,29184,208
22600,31744,209
22700,32768,211
22800,32768,211
22900,32768,212
23000,32768,215
23100,32768,216
23200,32768,216
23300,32768,216
23400,32768,219
23500,32768,220
23600,32768,221
23700,32768,222
23800,32768,223
23900,32768,224
24000,32768,225
24100,32768,225
24200,32768,226
24300,32768,226
24400,32768,229
24500,32768,231
24600,32768,233
24700,32768,233
24800,32768,235
24900,32768,236
25000,32768,237
25100,32768,241
25200,32768,241
25300,32768,241
25400,32768,242
25500,32768,242
25600,32768,242
25700,32768,242
25800,32768,242
25900,32768,242
26000,32768,244
26100,32768,246
26200,32768,248
26300,32768,251
26400,32768,251
26500,32768,252
26600,32768,253
26700,32768,255
26800,32768,255
26900,32768,256
27000,32768,256
27100,32768,256
27200,32768,256
27300,32768,256
27400,32768,257
27500,32768,258
27600,32768,260
27700,32768,263
27800,32768,265
27900,32768,266
28000,32768,268
28100,32768,269
28200,32768,269
28300,32768,269
28400,32768,270
28500,32768,270
28600,32768,271
28700,32768,271
28800,32768,271
28900,32768,271
29000,32768,271
29100,32768,272
29200,32768,273
29300,32768,274
29400,32768,275
29500,32768,278
29600,32768,281
29700,32768,281
29800,32768,282
29900,32768,282
30000,32768,282
30100,32768,284
30200,32768,285
30300,32768,286
30400,32768,288
30500,32768,288
30600,32768,288
30700,32768,289
30800,34304,289
30900,35840,290
31000,38400,290
31100,40448,291
31200,41984,292
31300,46080,292
31400,46592,292
31500,47104,292
31600,48640,295
31700,48640,299
31800,48640,299
31900,49152,300
32000,49152,304
32100,49152,304
32200,49152,305
32300,49152,305
32400,49152,306
32500,49152,306
32600,49152,307
32700,49152,307
32800,49152,307
32900,49152,308
33000,49152,309
33100,49152,312
33200,49152,313
33300,49152,315
33400,49152,315
33500,49152,317
33600,49152,318
33700,49152,318
33800,49152,318
33900,49152,320
34000,49152,321
34100,49152,322
34200,49152,323
34300,49152,323
34400,49152,324
34500,49152,324
34600,49152,324
34700,49152,326
34800,49152,328
34900,49152,330
35000,49152,331
35100,49152,331
35200,49152,331
35300,49152,335
35400,49152,336
35500,49152,336
35600,49152,336
35700,49152,336
35800,49152,338
35900,49152,338
36000,49152,338
36100,49152,338
36200,49152,339
36300,49152,341
36400,49152,341
36500,49152,341
36600,49152,341
36700,49152,341
36800,49152,345
36900,49152,347
37000,49152,347
37100,49152,350
37200,49152,351
37300,49152,354
37400,49152,354
37500,49152,355
37600,49152,356
37700,49152,357
37800,49152,359
37900,49152,362
38000,49152,363
38100,49152,363
38200,49152,363
38300,49152,365
38400,49152,366
38500,49152,368
38600,49152,369
38700,49152,369
38800,49152,369
38900,49152,369
39000,49152,369
39100,49152,369
39200,49152,370
39300,49152,371
39400,49152,373
39500,49152,378
39600,49152,378
39700,49664,379
39800,51712,379
39900,52736,380
40000,55808,381
40100,56320,382
40200,59904,383
40300,60928,383
40400,62976,383
40500,64512,385
40600,65024,387
40700,65536,387
40800,65536,388
40900,65536,389
41000,65536,391
41100,65536,391
41200,65536,392
41300,65536,392
41400,65536,393
41500,65536,393
41600,65536,395
41700,65536,395
41800,65536,395
41900,65536,397
42000,65536,398
42100,65536,399
42200,65536,399
42300,65536,401
42400,65536,401
42500,65536,402
42600,65536,402
42700,65536,403
42800,65536,403
42900,65536,404
43000,65536,405
43100,65536,406
43200,65536,406
43300,65536,407
43400,65536,408
43500,65536,410
43600,65536,411
43700,65536,412
43800,65536,413
43900,65536,414
44000,65536,414
44100,65536,418
44200,65536,419
44300,65536,419
44400,65536,419
44500,65536,421
44600,65536,421
44700,65536,421
44800,65536,421
44900,65536,427
45000,65536,431
45100,65536,432
45200,65536,434
45300,65536,435
45400,65536,436
45500,65536,437
45600,65536,437
45700,65536,438
45800,65536,438
45900,65536,442
46000,65536,443
46100,65536,443
46200,65536,444
46300,65536,446
46400,65536,446
46500,65536,447
46600,65536,448
46700,65536,448
46800,65536,448
46900,65536,448
47000,65536,448
47100,65536,449
47200,65536,450
47300,65536,450
47400,65536,450
47500,65536,451
47600,65536,452
47700,65536,454
47800,65536,454
47900,65536,455
48000,65536,455
48100,65536,455
48200,65536,455
48300,65536,455
48400,65536,455
48500,65536,456
48600,66048,457
48700,66560,457
48800,68096,458
48900,69632,460
49000,70656,460
49100,73216,463
49200,75264,465
49300,77312,465
49400,78336,466
49500,79872,468
49600,80384,468
49700,81920,468
49800,81920,469
49900,81920,471
50000,81920,472
50100,81920,472
50200,81920,472
50300,81920,473
50400,81920,473
50500,81920,473
50600,81920,473
50700,81920,476
50800,81920,476
50900,81920,477
51000,81920,477
51100,81920,479
51200,81920,479
51300,81920,480
51400,81920,481
51500,81920,482
51600,81920,482
51700,81920,483
51800,81920,483
51900,81920,483
52000,81920,483
52100,81920,486
52200,81920,489
52300,81920,489
52400,81920,490
52500,81920,492
52600,81920,492
52700,81920,492
52800,81920,492
52900,81920,492
53000,81920,494
53100,81920,494
53200,81920,494
53300,81920,495
53400,81920,497
53500,81920,497
53600,81920,497
53700,81920,499
53800,81920,500
53900,81920,500
54000,81920,501
54100,81920,504
54200,81920,504
54300,81920,506
54400,81920,506
54500,81920,507
54600,81920,509
54700,81920,511
54800,81920,513
54900,81920,513
55000,81920,513
55100,81920,515
55200,81920,516
55300,81920,517
55400,81920,518
55500,81920,520
55600,81920,520
55700,81920,521
55800,81920,521
55900,81920,522
56000,81920,523
56100,81920,525
56200,81920,526
56300,81920,528
56400,81920,529
56500,81920,529
56600,81920,529
56700,81920,530
56800,81920,532
56900,81920,535
57000,81920,537
57100,81920,537
57200,81920,537
57300,81920,537
57400,81920,539
57500,83456,540
57600,83456,541
57700,83968,541
57800,84480,541
57900,86016,542
58000,87040,543
58100,90112,543
58200,92160,544
58300,93696,545
58400,96256,547
58500,97280,547
58600,97792,552
58700,97792,553
58800,98304,554
58900,98304,555
59000,98304,555
59100,98304,555
59200,98304,556
59300,98304,556
59400,98304,558
59500,98304,559
59600,98304,559
59700,98304,559
59800,98304,559
59900,98304,560
60000,98304,562
100,98304,567
200,98304,570
300,98304,571
400,98304,572
500,98304,574
600,98304,575
700,98304,575
800,98304,575
900,98304,575
1000,98304,577
1100,98304,580
1200,98304,580
1300,98304,581
1400,98304,581
1500,98304,582
1600,98304,582
1700,98304,582
1800,98304,583
1900,98304,586
2000,98304,589
2100,98304,590
2200,98304,593
2300,98304,593
2400,98304,593
2500,98304,593
2600,98304,594
2700,98304,596
2800,98304,598
2900,98304,599
3000,98304,599
3100,98304,600
3200,98304,601
3300,98304,602
3400,98304,602
3500,98304,604
3600,98304,606
3700,98304,608
3800,98304,610
3900,98304,611
4000,98304,611
4100,98304,611
4200,98304,613
4300,98304,616
4400,98304,617
4500,98304,618
4600,98304,619
4700,98304,621
4800,98304,621
4900,98304,621
5000,98304,621
5100,98304,621
5200,98304,621
5300,98304,621
5400,98304,622
5500,98304,623
5600,98304,623
5700,98304,624
5800,98304,625
5900,98304,626
6000,98304,627
6100,98304,628
6200,98304,630
6300,98816,631
6400,98816,633
6500,99840,633
6600,101888,633
6700,102400,636
6800,102912,637
6900,103936,637
7000,105984,640
7100,107008,641
7200,110080,643
7300,112640,643
7400,113664,643
7500,114176,644
7600,114688,646
7700,114688,648
7800,114688,649
7900,114688,649
8000,114688,649
8100,114688,650
8200,114688,652
8300,114688,653
8400,114688,654
8500,114688,655
8600,114688,658
8700,114688,659
8800,114688,660
8900,114688,662
9000,114688,662
9100,114688,662
9200,114688,664
9300,114688,665
9400,114688,665
9500,114688,667
9600,114688,668
9700,114688,668
9800,114688,669
9900,114688,669
10000,114688,669
10100,114688,669
10200,114688,670
10300,114688,672
10400,114688,672
10500,114688,673
10600,114688,678
10700,114688,678
10800,114688,678
10900,114688,680
11000,114688,683
11100,114688,683
11200,114688,683
11300,114688,683
11400,114688,687
11500,114688,687
11600,114688,687
11700,114688,687
11800,114688,688
11900,114688,690
12000,114688,693
12100,114688,695
12200,114688,696
12300,114688,697
12400,114688,697
12500,114688,698
12600,114688,700
12700,114688,700
12800,114688,700
12900,114688,702
13000,114688,705
13100,114688,707
13200,114688,708
13300,114688,708
13400,114688,709
13500,114688,710
13600,114688,712
13700,114688,713
13800,114688,715
13900,114688,718
14000,114688,718
14100,114688,718
14200,114688,719
14300,114688,720
14400,114688,720
14500,114688,721
14600,114688,721
14700,114688,722
14800,114688,725
14900,114688,726
15000,115200,726
15100,115200,726
15200,116224,727
15300,116224,729
15400,116736,730
15500,118784,730
15600,119296,730
15700,120832,730
15800,122880,730
15900,124928,730
16000,126464,732
16100,126976,732
16200,128512,732
16300,130048,734
16400,130560,735
16500,131072,737
16600,131072,737
16700,131072,737
16800,131072,738
16900,131072,739
17000,131072,740
17100,131072,741
17200,131072,745
17300,131072,747
17400,131072,748
17500,131072,748
17600,131072,748
17700,131072,748
17800,131072,748
17900,131072,749
18000,131072,752
18100,131072,752
18200,131072,754
18300,131072,756
18400,131072,758
18500,131072,758
18600,131072,758
18700,131072,759
18800,131072,761
18900,131072,762
19000,131072,763
19100,131072,763
19200,131072,764
19300,131072,764
19400,131072,765
19500,131072,765
19600,131072,767
19700,131072,768
19800,131072,769
19900,131072,769
20000,131072,769
20100,131072,769
20200,131072,769
20300,131072,770
20400,131072,770
20500,131072,771
20600,131072,772
20700,131072,773
20800,131072,774
20900,131072,774
21000,131072,774
21100,131072,775
21200,131072,775
21300,131072,778
21400,131072,778
21500,131072,778
21600,131072,778
21700,131072,778
21800,131072,778
21900,131072,780
22000,131072,781
22100,131072,781
22200,131072,783
22300,131072,783
22400,131072,785
22500,131072,785
22600,131072,785
22700,131072,786
22800,131072,786
22900,131072,787
23000,131072,788
23100,131072,788
23200,131072,789
23300,131072,791
23400,131072,795
23500,131072,798
23600,131072,801
23700,131072,802
23800,131072,804
23900,131584,806
24000,131584,806
24100,132608,807
24200,133120,809
24300,134144,810
24400,135168,811
24500,137216,811
24600,140800,811
24700,140800,812
24800,142336,813
24900,142848,814
25000,145408,814
25100,146432,815
25200,146944,816
25300,147456,819
25400,147456,819
25500,147456,820
25600,147456,820
25700,147456,821
25800,147456,822
25900,147456,824
26000,147456,827
26100,147456,829
26200,147456,829
26300,147456,830
26400,147456,830
26500,147456,830
26600,147456,832
26700,147456,833
26800,147456,833
26900,147456,834
27000,147456,836
27100,147456,836
27200,147456,837
27300,147456,838
27400,147456,839
27500,147456,841
27600,147456,843
27700,147456,843
27800,147456,845
27900,147456,846
28000,147456,848
28100,147456,848
28200,147456,849
28300,147456,850
28400,147456,851
28500,147456,852
28600,147456,852
28700,147456,852
28800,147456,856
28900,147456,858
29000,147456,859
29100,147456,861
29200,147456,862
29300,147456,863
29400,147456,863
29500,147456,864
29600,147456,866
29700,147456,866
29800,147456,866
29900,147456,868
30000,147456,869
30100,147456,869
30200,147456,869
30300,147456,870
30400,147456,870
30500,147456,873
30600,147456,875
30700,147456,876
30800,147456,876
30900,147456,877
31000,147456,880
31100,147456,881
31200,147456,882
31300,147456,883
31400,147456,883
31500,147456,883
31600,147456,883
31700,147456,885
31800,147456,886
31900,147456,890
32000,147456,892
32100,147456,892
32200,147456,892
32300,147456,893
32400,147456,893
32500,147456,894
32600,147968,895
32700,148480,895
32800,148480,895
32900,148992,895
33000,149504,897
33100,150016,900
33200,150528,900
33300,150528,901
33400,154112,903
33500,155136,903
33600,158720,903
33700,159232,904
33800,160768,904
33900,161792,905
34000,162816,906
34100,163840,907
34200,163840,909
34300,163840,911
34400,163840,912
34500,163840,913
34600,163840,915
34700,163840,915
34800,163840,917
34900,163840,919
35000,163840,919
35100,163840,919
35200,163840,921
35300,163840,923
35400,163840,923
35500,163840,925
35600,163840,926
35700,163840,926
35800,163840,927
35900,163840,927
36000,163840,927
36100,163840,928
36200,163840,929
36300,163840,930
36400,163840,932
36500,163840,932
36600,163840,932
36700,163840,932
36800,163840,935
36900,163840,937
37000,163840,937
37100,163840,937
37200,163840,940
37300,163840,940
37400,163840,941
37500,163840,942
37600,163840,942
37700,163840,942
37800,163840,942
37900,163840,943
38000,163840,945
38100,163840,947
38200,163840,949
38300,163840,949
38400,163840,952
38500,163840,954
38600,163840,956
38700,163840,957
38800,163840,957
38900,163840,957
39000,163840,957
39100,163840,958
39200,163840,958
39300,163840,959
39400,163840,961
39500,163840,962
39600,163840,966
39700,163840,968
39800,163840,968
39900,163840,971
40000,163840,971
40100,163840,971
40200,163840,971
40300,163840,971
40400,163840,974
40500,163840,974
40600,163840,975
40700,163840,975
40800,163840,977
40900,163840,977
41000,163840,978
41100,163840,978
41200,163840,979
41300,164352,979
41400,164352,979
41500,164352,979
41600,165888,979
41700,165888,980
41800,166400,980
41900,166912,980
42000,167936,981
42100,170496,983
42200,171520,985
42300,173056,987
42400,173568,990
42500,176640,991
42600,177664,991
42700,179712,992
42800,179712,993
42900,179712,993
43000,179712,994
43100,179712,996
43200,180224,997
43300,180224,1000
43400,180224,1000
43500,180224,1001
43600,180224,1003
43700,180224,1003
43800,180224,1004
43900,180224,1005
44000,180224,1005
44100,180224,1006
44200,180224,1006
44300,180224,1006
44400,180224,1007
44500,180224,1007
44600,180224,1009
44700,180224,1009
44800,180224,1012
44900,180224,1013
45000,180224,1013
45100,180224,1014
45200,180224,1014
45300,180224,1018
45400,180224,1018
45500,180224,1019
45600,180224,1019
45700,180224,1019
45800,180224,1021
45900,180224,1022
46000,180224,1023
46100,180224,1023
46200,180224,1024
46300,180224,1026
46400,180224,1028
46500,180224,1028
46600,180224,1028
46700,180224,1028
46800,180224,1031
46900,180224,1031
47000,180224,1032
47100,180224,1033
47200,180224,1034
47300,180224,1034
47400,180224,1034
47500,180224,1037
47600,180224,1038
47700,180224,1038
47800,180224,1043
47900,180224,1043
48000,180224,1043
48100,180224,1043
48200,180224,1044
48300,180224,1045
48400,180224,1046
48500,180224,1046
48600,180224,1047
48700,180224,1048
48800,180224,1048
48900,180224,1049
49000,180224,1050
49100,180224,1052
49200,180224,1052
49300,180224,1055
49400,180224,1057
49500,180224,1058
49600,180224,1059
49700,180224,1061
49800,180224,1063
49900,180224,1064
50000,180224,1066
50100,180224,1066
50200,181248,1066
50300,181248,1066
50400,182272,1066
50500,182784,1066
50600,183296,1066
50700,183296,1066
50800,183808,1066
50900,185856,1066
51000,186880,1070
51100,187904,1072
51200,189952,1075
51300,193024,1078
51400,195072,1078
51500,195072,1079
51600,196096,1079
51700,196096,1079
51800,196096,1080
51900,196096,1081
52000,196608,1081
52100,196608,1081
52200,196608,1081
52300,196608,1081
52400,196608,1085
52500,196608,1086
52600,196608,1087
52700,196608,1089
52800,196608,1091
52900,196608,1091
53000,196608,1091
53100,196608,1093
53200,196608,1093
53300,196608,1095
53400,196608,1097
53500,196608,1098
53600,196608,1100
53700,196608,1101
53800,196608,1102
53900,196608,1102
54000,196608,1102
54100,196608,1104
54200,196608,1104
54300,196608,1106
54400,196608,1106
54500,196608,1106
54600,196608,1106
54700,196608,1107
54800,196608,1107
54900,196608,1109
55000,196608,1113
55100,196608,1115
55200,196608,1116
55300,196608,1116
55400,196608,1116
55500,196608,1116
55600,196608,1116
55700,196608,1117
55800,196608,1118
55900,196608,1120
56000,196608,1121
56100,196608,1121
56200,196608,1122
56300,196608,1122
56400,196608,1122
56500,196608,1122
56600,196608,1126
56700,196608,1127
56800,196608,1127
56900,196608,1129
57000,196608,1129
57100,196608,1130
57200,196608,1131
57300,196608,1132
57400,196608,1132
57500,196608,1133
57600,196608,1133
57700,196608,1133
57800,196608,1133
57900,196608,1133
58000,196608,1133
58100,196608,1134
58200,196608,1136
58300,196608,1140
58400,196608,1142
58500,196608,1145
58600,196608,1147
58700,196608,1147
58800,196608,1148
58900,197632,1148
59000,198144,1149
59100,198144,1149
59200,198656,1149
59300,199168,1149
59400,199680,1151
59500,200704,1152
59600,201216,1152
59700,201728,1154
59800,204800,1154
59900,206336,1155
60000,206848,1157
60100,207872,1157
60200,209408,1157
60300,210944,1158
60400,211968,1158
60500,211968,1159
60600,212480,1160
60700,212480,1162
60800,212992,1162
60900,212992,1162
61000,212992,1163
61100,212992,1164
61200,212992,1165
61300,212992,1167
61400,212992,1168
61500,212992,1168
61600,212992,1169
61700,212992,1171
61800,212992,1174
61900,212992,1176
62000,212992,1176
62100,212992,1178
62200,212992,1179
62300,212992,1180
62400,212992,1182
62500,212992,1182
62600,212992,1182
62700,212992,1183
62800,212992,1183
62900,212992,1184
63000,212992,1184
63100,212992,1185
63200,212992,1185
63300,212992,1187
63400,212992,1188
63500,212992,1191
63600,212992,1192
63700,212992,1192
63800,212992,1193
63900,212992,1194
64000,212992,1194
64100,212992,1194
64200,212992,1195
64300,212992,1196
64400,212992,1198
64500,212992,1199
64600,212992,1199
64700,212992,1202
64800,212992,1204
64900,212992,1204
65000,212992,1204
65100,212992,1204
65200,212992,1204
65300,212992,1206
65400,212992,1206
65500,212992,1206
65600,212992,1207
65700,212992,1207
65800,212992,1208
65900,212992,1209
66000,212992,1210
66100,212992,1212
66200,212992,1215
66300,212992,1216
66400,212992,1218
66500,212992,1218
66600,212992,1218
66700,212992,1219
66800,212992,1219
66900,212992,1220
67000,212992,1221
67100,212992,1223
67200,212992,1223
67300,212992,1225
67400,213504,1225
67500,213504,1226
67600,214016,1227
67700,214016,1231
67800,215040,1231
67900,215040,1233
68000,215552,1233
68100,216064,1234
68200,216576,1236
68300,217088,1237
68400,218624,1238
68500,218624,1239
68600,220672,1241
68700,221696,1242
68800,223232,1243
68900,225280,1246
69000,226816,1246
69100,226816,1247
69200,228352,1248
69300,228352,1251
69400,228864,1252
69500,228864,1254
69600,228864,1254
69700,228864,1254
69800,229376,1254
69900,229376,1254
70000,229376,1254
70100,229376,1255
70200,229376,1257
70300,229376,1259
70400,229376,1260
70500,229376,1261
70600,229376,1263
70700,229376,1266
70800,229376,1267
70900,229376,1268
71000,229376,1268
71100,229376,1269
71200,229376,1269
71300,229376,1270
71400,229376,1271
71500,229376,1271
71600,229376,1271
71700,229376,1271
71800,229376,1272
71900,229376,1274
72000,229376,1276
72100,229376,1277
72200,229376,1280
72300,229376,1280
72400,229376,1280
72500,229376,1281
72600,229376,1282
72700,229376,1282
72800,229376,1284
72900,229376,1286
73000,229376,1286
73100,229376,1286
73200,229376,1286
73300,229376,1287
73400,229376,1290
73500,229376,1290
73600,229376,1290
73700,229376,1293
73800,229376,1293
73900,229376,1293
74000,229376,1294
74100,229376,1296
74200,229376,1296
74300,229376,1297
74400,229376,1298
74500,229376,1301
74600,229376,1303
74700,229376,1304
74800,229376,1305
74900,229376,1305
75000,229376,1306
75100,229376,1306
75200,229376,1307
75300,229376,1307
75400,229376,1307
75500,229376,1308
75600,229376,1308
75700,229376,1309
75800,229376,1309
75900,229376,1309
76000,229376,1310
76100,229376,1311
76200,229888,1313
76300,229888,1313
76400,230400,1315
76500,230912,1316
76600,230912,1318
76700,231424,1318
76800,232448,1318
76900,232960,1319
77000,233472,1321
77100,233984,1322
77200,235008,1322
77300,236032,1322
77400,236544,1322
77500,237056,1323
77600,238592,1324
77700,240640,1325
77800,242176,1326
77900,243200,1329
78000,243200,1331
78100,244224,1331
78200,245248,1331
78300,245248,1331
78400,245248,1331
78500,245248,1332
78600,245760,1333
78700,245760,1334
78800,245760,1335
78900,245760,1336
79000,245760,1337
79100,245760,1337
79200,245760,1337
79300,245760,1338
79400,245760,1339
79500,245760,1341
79600,245760,1344
79700,245760,1345
79800,245760,1345
79900,245760,1347
80000,245760,1348
80100,245760,1349
80200,245760,1350
80300,245760,1351
80400,245760,1352
80500,245760,1352
80600,245760,1355
80700,245760,1356
80800,245760,1356
80900,245760,1358
81000,245760,1359
81100,245760,1359
81200,245760,1359
81300,245760,1360
81400,245760,1360
81500,245760,1362
81600,245760,1364
81700,245760,1364
81800,245760,1366
81900,245760,1367
82000,245760,1367
82100,245760,1368
82200,245760,1369
82300,245760,1371
82400,245760,1372
82500,245760,1372
82600,245760,1373
82700,245760,1374
82800,245760,1375
82900,245760,1376
83000,245760,1378
83100,245760,1379
83200,245760,1379
83300,245760,1379
83400,245760,1380
83500,245760,1381
83600,245760,1382
83700,245760,1382
83800,245760,1384
83900,245760,1387
84000,245760,1387
84100,245760,1388
84200,245760,1388
84300,245760,1388
84400,245760,1389
84500,245760,1391
84600,245760,1392
84700,245760,1393
84800,246272,1395
84900,246272,1397
85000,246272,1398
85100,246272,1399
85200,246272,1400
85300,248320,1401
85400,248320,1401
85500,249344,1403
85600,249344,1404
85700,249344,1405
85800,249856,1406
85900,250880,1406
86000,252416,1406
86100,252928,1407
86200,253440,1409
86300,254976,1409
86400,256512,1409
86500,257536,1410
86600,259072,1411
86700,260096,1414
86800,260096,1414
86900,260608,1414
87000,261632,1414
87100,261632,1415
87200,261632,1418
87300,261632,1420
87400,261632,1422
87500,262144,1423
87600,262144,1423
87700,262144,1424
87800,262144,1427
87900,262144,1427
88000,262144,1428
88100,262144,1430
88200,262144,1432
88300,262144,1432
88400,262144,1433
88500,262144,1433
88600,262144,1434
88700,262144,1435
88800,262144,1437
88900,262144,1437
89000,262144,1437
89100,262144,1437
89200,262144,1437
89300,262144,1440
89400,262144,1441
89500,262144,1443
89600,262144,1443
89700,262144,1444
89800,262144,1446
89900,262144,1446
90000,262144,1446
90100,262144,1447
90200,262144,1448
90300,262144,1450
90400,262144,1450
90500,262144,1450
90600,262144,1451
90700,262144,1453
90800,262144,1453
90900,262144,1455
91000,262144,1455
91100,262144,1457
91200,262144,1459
91300,262144,1462
91400,262144,1462
91500,262144,1463
91600,262144,1465
91700,262144,1465
91800,262144,1467
91900,262144,1467
92000,262144,1468
92100,262144,1468
92200,262144,1468
92300,262144,1468
92400,262144,1469
92500,262144,1470
92600,262144,1472
92700,262144,1475
92800,262144,1476
92900,262144,1476
93000,262144,1476
93100,262144,1476
93200,262144,1478
93300,262144,1479
93400,262144,1480
93500,262144,1482
93600,262144,1484
93700,262656,1485
93800,262656,1486
93900,263680,1486
94000,264704,1486
94100,264704,1487
94200,265216,1487
94300,265728,1487
94400,266240,1489
94500,266240,1489
94600,266752,1490
94700,268800,1490
94800,268800,1491
94900,268800,1493
95000,269824,1493
95100,271360,1493
95200,271872,1494
95300,273920,1498
95400,274432,1498
95500,275456,1499
95600,276992,1499
95700,276992,1499
95800,277504,1500
95900,278016,1500
96000,278528,1502
96100,278528,1504
96200,278528,1509
96300,278528,1510
96400,278528,1511
96500,278528,1511
96600,278528,1511
96700,278528,1511
96800,278528,1511
96900,278528,1512
97000,278528,1514
97100,278528,1515
97200,278528,1516
97300,278528,1521
97400,278528,1521
97500,278528,1521
97600,278528,1521
97700,278528,1522
97800,278528,1524
97900,278528,1526
98000,278528,1527
98100,278528,1527
98200,278528,1528
98300,278528,1529
98400,278528,1529
98500,278528,1529
98600,278528,1530
98700,278528,1532
98800,278528,1533
98900,278528,1534
99000,278528,1536
99100,278528,1538
99200,278528,1538
99300,278528,1540
99400,278528,1540
99500,278528,1541
99600,278528,1541
99700,278528,1542
99800,278528,1543
99900,278528,1544
100000,278528,1545
100100,278528,1547
100200,278528,1548
100300,278528,1548
100400,278528,1548
100500,278528,1548
100600,278528,1548
100700,278528,1550
100800,278528,1551
100900,278528,1552
101000,278528,1554
101100,278528,1557
101200,278528,1558
101300,278528,1559
101400,278528,1560
101500,278528,1560
101600,278528,1562
101700,278528,1563
101800,278528,1564
101900,278528,1565
102000,278528,1565
102100,278528,1566
102200,278528,1567
102300,278528,1567
102400,278528,1567
102500,279040,1567
102600,280064,1568
102700,280064,1572
102800,280576,1575
102900,281600,1575
103000,281600,1575
103100,282112,1576
103200,282112,1576
103300,282624,1577
103400,284672,1577
103500,286208,1579
103600,286208,1579
103700,286208,1579
103800,286720,1580
103900,288768,1581
104000,289792,1582
104100,289792,1584
104200,290816,1585
104300,291840,1589
104400,293376,1589
104500,294400,1589
104600,294912,1589
104700,294912,1589
104800,294912,1590
104900,294912,1590
105000,294912,1594
105100,294912,1596
105200,294912,1598
105300,294912,1600
105400,294912,1600
105500,294912,1601
105600,294912,1602
105700,294912,1604
105800,294912,1604
105900,294912,1604
106000,294912,1604
106100,294912,1604
106200,294912,1605
106300,294912,1605
106400,294912,1605
106500,294912,1607
106600,294912,1611
106700,294912,1612
106800,294912,1612
106900,294912,1615
107000,294912,1616
107100,294912,1616
107200,294912,1617
107300,294912,1617
107400,294912,1617
107500,294912,1617
107600,294912,1618
107700,294912,1619
107800,294912,1622
107900,294912,1622
108000,294912,1623
108100,294912,1624
108200,294912,1625
108300,294912,1626
108400,294912,1628
108500,294912,1628
108600,294912,1628
108700,294912,1628
108800,294912,1629
108900,294912,1629
109000,294912,1630
109100,294912,1631
109200,294912,1633
109300,294912,1636
109400,294912,1637
109500,294912,1639
109600,294912,1641
109700,294912,1642
109800,294912,1642
109900,294912,1643
110000,294912,1644
110100,294912,1645
110200,294912,1647
110300,294912,1649
110400,294912,1652
110500,294912,1653
110600,294912,1653
110700,294912,1655
110800,294912,1656
110900,294912,1657
111000,294912,1657
111100,294912,1657
111200,295424,1657
111300,295424,1657
111400,296448,1659
111500,296960,1660
111600,297472,1661
111700,297472,1663
111800,297984,1666
111900,297984,1667
112000,298496,1668
112100,299520,1668
112200,301568,1669
112300,302080,1669
112400,302592,1669
112500,303104,1669
112600,303104,1669
112700,304640,1671
112800,305152,1671
112900,306688,1673
113000,307200,1673
113100,308736,1673
113200,309248,1673
113300,309248,1677
113400,309760,1678
113500,310784,1681
113600,311296,1682
113700,311296,1684
113800,311296,1684
113900,311296,1686
114000,311296,1687
114100,311296,1689
114200,311296,1692
114300,311296,1693
114400,311296,1694
114500,311296,1694
114600,311296,1694
114700,311296,1695
114800,311296,1695
114900,311296,1695
115000,311296,1695
115100,311296,1697
115200,311296,1698
115300,311296,1698
115400,311296,1698
115500,311296,1698
115600,311296,1698
115700,311296,1699
115800,311296,1700
115900,311296,1702
116000,311296,1702
116100,311296,1704
116200,311296,1704
116300,311296,1705
116400,311296,1706
116500,311296,1709
116600,311296,1710
116700,311296,1712
116800,311296,1713
116900,311296,1714
117000,311296,1714
117100,311296,1715
117200,311296,1715
117300,311296,1715
117400,311296,1715
117500,311296,1717
117600,311296,1719
117700,311296,1721
117800,311296,1722
117900,311296,1722
118000,311296,1723
118100,311296,1724
118200,311296,1724
118300,311296,1725
118400,311296,1726
118500,311296,1727
118600,311296,1728
118700,311296,1728
118800,311296,1729
118900,311296,1729
119000,311296,1730
119100,311296,1731
119200,311296,1732
119300,311296,1733
119400,311296,1736
119500,311296,1736
119600,311296,1736
119700,311296,1736
119800,311296,1736
119900,311296,1738
120000,311296,1739
120100,311808,1742
120200,312320,1743
120300,313344,1745
120400,313344,1746
120500,314368,1746
120600,314368,1746
120700,314368,1746
120800,314880,1747
120900,315392,1748
121000,315392,1749
121100,317952,1749
121200,318464,1749
121300,318976,1751
121400,318976,1753
121500,319488,1754
121600,321536,1754
121700,322560,1754
121800,322560,1757
121900,322560,1758
122000,324096,1759
122100,324608,1759
122200,327168,1760
122300,327680,1761
122400,327680,1761
122500,327680,1762
122600,327680,1764
122700,327680,1765
122800,327680,1768
122900,327680,1768
123000,327680,1768
123100,327680,1768
123200,327680,1768
123300,327680,1768
123400,327680,1769
123500,327680,1770
123600,327680,1770
123700,327680,1771
123800,327680,1772
123900,327680,1774
124000,327680,1774
124100,327680,1775
124200,327680,1776
124300,327680,1778
124400,327680,1779
124500,327680,1781
124600,327680,1782
124700,327680,1783
124800,327680,1785
124900,327680,1785
125000,327680,1785
125100,327680,1787
125200,327680,1788
125300,327680,1789
125400,327680,1789
125500,327680,1792
125600,327680,1795
125700,327680,1797
125800,327680,1800
125900,327680,1801
126000,327680,1802
126100,327680,1802
126200,327680,1803
126300,327680,1803
126400,327680,1804
126500,327680,1804
126600,327680,1804
126700,327680,1805
126800,327680,1807
126900,327680,1807
127000,327680,1808
127100,327680,1811
127200,327680,1812
127300,327680,1813
127400,327680,1813
127500,327680,1813
127600,327680,1813
127700,327680,1814
127800,327680,1814
127900,327680,1817
128000,327680,1817
128100,327680,1818
128200,327680,1819
128300,327680,1820
128400,327680,1821
128500,328192,1822
128600,328192,1823
128700,328192,1823
128800,328192,1825
128900,328704,1826
129000,330240,1827
129100,330240,1829
129200,330752,1830
129300,330752,1831
129400,330752,1831
129500,330752,1832
129600,331264,1834
129700,332288,1835
129800,333312,1836
129900,334848,1837
130000,334848,1837
130100,335872,1837
130200,336896,1839
130300,337920,1840
130400,338432,1840
130500,339456,1841
130600,339968,1842
130700,341504,1843
130800,342528,1843
130900,343040,1845
131000,343040,1845
131100,344064,1846
131200,344064,1846
131300,344064,1846
131400,344064,1848
131500,344064,1849
131600,344064,1849
131700,344064,1850
131800,344064,1852
131900,344064,1852
132000,344064,1852
132100,344064,1852
132200,344064,1853
132300,344064,1855
132400,344064,1855
132500,344064,1855
132600,344064,1856
132700,344064,1856
132800,344064,1856
132900,344064,1858
133000,344064,1860
133100,344064,1861
133200,344064,1861
133300,344064,1862
133400,344064,1865
133500,344064,1867
133600,344064,1868
133700,344064,1868
133800,344064,1868
133900,344064,1868
134000,344064,1868
134100,344064,1868
134200,344064,1868
134300,344064,1872
134400,344064,1872
134500,344064,1874
134600,344064,1875
134700,344064,1875
134800,344064,1876
134900,344064,1876
135000,344064,1878
135100,344064,1878
135200,344064,1879
135300,344064,1879
135400,344064,1879
135500,344064,1879
135600,344064,1882
135700,344064,1883
135800,344064,1883
135900,344064,1883
136000,344064,1885
136100,344064,1885
136200,344064,1886
136300,344064,1886
136400,344064,1889
136500,344064,1889
136600,344064,1889
136700,344064,1890
136800,344064,1892
136900,344576,1892
137000,344576,1894
137100,344576,1895
137200,344576,1895
137300,344576,1895
137400,345088,1895
137500,345088,1897
137600,346112,1898
137700,346112,1899
137800,346112,1899
137900,346624,1900
138000,347136,1902
138100,347136,1902
138200,348160,1902
138300,348672,1903
138400,349696,1904
138500,350720,1904
138600,351744,1905
138700,352256,1908
138800,353280,1910
138900,354304,1911
139000,354816,1913
139100,355840,1913
139200,356864,1914
139300,357376,1915
139400,358400,1915
139500,358912,1915
139600,358912,1916
139700,359936,1917
139800,360448,1917
139900,360448,1917
140000,360448,1918
140100,360448,1920
140200,360448,1922
140300,360448,1923
140400,360448,1926
140500,360448,1928
140600,360448,1928
140700,360448,1928
140800,360448,1928
140900,360448,1928
141000,360448,1928
141100,360448,1928
141200,360448,1930
141300,360448,1932
141400,360448,1935
141500,360448,1937
141600,360448,1937
141700,360448,1938
141800,360448,1938
141900,360448,1939
142000,360448,1940
142100,360448,1941
142200,360448,1941
142300,360448,1941
142400,360448,1941
142500,360448,1941
142600,360448,1941
142700,360448,1941
142800,360448,1942
142900,360448,1944
143000,360448,1947
143100,360448,1948
143200,360448,1952
143300,360448,1954
143400,360448,1956
143500,360448,1956
143600,360448,1957
143700,360448,1957
143800,360448,1959
143900,360448,1961
144000,360448,1962
144100,360448,1962
144200,360448,1963
144300,360448,1963
144400,360448,1965
144500,360448,1965
144600,360448,1965
144700,360448,1967
144800,360448,1968
144900,360448,1969
145000,360448,1971
145100,360448,1971
145200,360448,1972
145300,360960,1974
145400,360960,1975
145500,360960,1977
145600,360960,1978
145700,361472,1980
145800,361472,1981
145900,361472,1981
146000,361472,1981
146100,361984,1981
146200,362496,1982
146300,362496,1984
146400,362496,1984
146500,362496,1985
146600,363008,1985
146700,363008,1987
146800,364032,1988
146900,364544,1988
147000,366080,1989
147100,366592,1990
147200,367616,1990
147300,367616,1990
147400,367616,1990
147500,370176,1990
147600,371712,1990
147700,371712,1991
147800,373248,1991
147900,374272,1991
148000,374784,1993
148100,374784,1993
148200,375296,1995
148300,375808,1996
148400,375808,2002
148500,376832,2004
148600,376832,2005
148700,376832,2006
148800,376832,2006
148900,376832,2009
149000,376832,2009
149100,376832,2010
149200,376832,2012
149300,376832,2013
149400,376832,2013
149500,376832,2014
149600,376832,2014
149700,376832,2015
149800,376832,2016
149900,376832,2017
150000,376832,2017
150100,376832,2019
150200,376832,2019
150300,376832,2019
150400,376832,2021
150500,376832,2021
150600,376832,2021
150700,376832,2023
150800,376832,2023
150900,376832,2023
151000,376832,2024
151100,376832,2025
151200,376832,2028
151300,376832,2030
151400,376832,2030
151500,376832,2032
151600,376832,2035
151700,376832,2036
151800,376832,2037
151900,376832,2039
152000,376832,2040
152100,376832,2040
152200,376832,2041
152300,376832,2041
152400,376832,2042
152500,376832,2042
152600,376832,2043
152700,376832,2045
152800,376832,2048
152900,376832,2048
153000,376832,2050
153100,376832,2050
153200,376832,2051
153300,376832,2053
153400,376832,2055
153500,376832,2055
153600,376832,2056
153700,376832,2057
153800,376832,2060
153900,376832,2062
154000,376832,2062
154100,376832,2063
154200,377344,2065
154300,377856,2067
154400,377856,2067
154500,377856,2067
154600,377856,2067
154700,377856,2067
154800,378368,2067
154900,378880,2067
155000,378880,2067
155100,378880,2068
155200,378880,2069
155300,378880,2073
155400,378880,2075
155500,379392,2077
155600,380416,2079
155700,381952,2081
155800,381952,2082
155900,384000,2082
156000,384000,2082
156100,386048,2082
156200,386560,2084
156300,387072,2084
156400,387072,2085
156500,388096,2087
156600,389632,2089
156700,390144,2090
156800,390656,2090
156900,392192,2091
157000,392192,2092
157100,392192,2092
157200,392704,2093
157300,392704,2094
157400,393216,2094
157500,393216,2096
157600,393216,2096
157700,393216,2098
157800,393216,2099
157900,393216,2100
158000,393216,2100
158100,393216,2100
158200,393216,2102
158300,393216,2102
158400,393216,2104
158500,393216,2104
158600,393216,2107
158700,393216,2108
158800,393216,2112
158900,393216,2115
159000,393216,2115
159100,393216,2117
159200,393216,2117
159300,393216,2119
159400,393216,2119
159500,393216,2119
159600,393216,2120
159700,393216,2120
159800,393216,2121
159900,393216,2121
160000,393216,2121
160100,393216,2121
160200,393216,2121
160300,393216,2121
160400,393216,2123
160500,393216,2123
160600,393216,2125
160700,393216,2126
160800,393216,2128
160900,393216,2128
161000,393216,2130
161100,393216,2130
161200,393216,2131
161300,393216,2131
161400,393216,2132
161500,393216,2133
161600,393216,2133
161700,393216,2134
161800,393216,2134
161900,393216,2136
162000,393216,2137
162100,393216,2139
162200,393216,2139
162300,393216,2139
162400,393216,2139
162500,393216,2139
162600,393216,2140
162700,393216,2140
162800,393216,2140
162900,393728,2140
163000,393728,2141
163100,394240,2141
163200,394752,2142
163300,394752,2144
163400,394752,2144
163500,394752,2147
163600,395264,2147
163700,395264,2150
163800,395264,2151
163900,395264,2152
164000,395264,2152
164100,395264,2155
164200,396800,2156
164300,397312,2157
164400,398336,2158
164500,399360,2159
164600,400384,2159
164700,400896,2161
164800,402432,2161
164900,402944,2161
165000,403456,2162
165100,404480,2163
165200,406016,2165
165300,406016,2165
165400,407040,2165
165500,408064,2165
165600,408064,2165
165700,408064,2166
165800,408064,2167
165900,408576,2169
166000,409600,2170
166100,409600,2171
166200,409600,2172
166300,409600,2172
166400,409600,2175
166500,409600,2175
166600,409600,2177
166700,409600,2179
166800,409600,2183
166900,409600,2183
167000,409600,2185
167100,409600,2186
167200,409600,2186
167300,409600,2187
167400,409600,2188
167500,409600,2188
167600,409600,2188
167700,409600,2188
167800,409600,2189
167900,409600,2190
168000,409600,2192
168100,409600,2192
168200,409600,2192
168300,409600,2196
168400,409600,2197
168500,409600,2198
168600,409600,2198
168700,409600,2199
168800,409600,2201
168900,409600,2201
169000,409600,2201
169100,409600,2204
169200,409600,2205
169300,409600,2205
169400,409600,2205
169500,409600,2206
169600,409600,2207
169700,409600,2209
169800,409600,2209
169900,409600,2211
170000,409600,2211
170100,409600,2211
170200,409600,2211
170300,409600,2211
170400,409600,2212
170500,409600,2213
170600,409600,2214
170700,409600,2214
170800,409600,2215
170900,409600,2218
171000,409600,2220
171100,409600,2221
171200,409600,2222
171300,409600,2222
171400,409600,2222
171500,410112,2224
171600,410112,2225
171700,411136,2225
171800,411136,2225
171900,411136,2225
172000,411136,2225
172100,411136,2227
172200,411648,2229
172300,411648,2231
172400,411648,2231
172500,411648,2235
172600,411648,2236
172700,411648,2238
172800,412160,2238
172900,413696,2240
173000,414720,2243
173100,415232,2243
173200,416768,2243
173300,416768,2245
173400,417280,2246
173500,418816,2246
173600,418816,2247
173700,420352,2247
173800,420864,2247
173900,421888,2248
174000,422912,2249
174100,423936,2249
174200,424448,2250
174300,424448,2251
174400,424448,2253
174500,424448,2254
174600,424960,2256
174700,425472,2258
174800,425472,2258
174900,425984,2258
175000,425984,2260
175100,425984,2260
175200,425984,2260
175300,425984,2261
175400,425984,2262
175500,425984,2262
175600,425984,2262
175700,425984,2264
175800,425984,2264
175900,425984,2265
176000,425984,2265
176100,425984,2266
176200,425984,2267
176300,425984,2269
176400,425984,2270
176500,425984,2271
176600,425984,2271
176700,425984,2272
176800,425984,2272
176900,425984,2273
177000,425984,2273
177100,425984,2274
177200,425984,2278
177300,425984,2280
177400,425984,2281
177500,425984,2282
177600,425984,2284
177700,425984,2285
177800,425984,2286
177900,425984,2287
178000,425984,2288
178100,425984,2289
178200,425984,2290
178300,425984,2290
178400,425984,2291
178500,425984,2292
178600,425984,2294
178700,425984,2294
178800,425984,2295
178900,425984,2295
179000,425984,2296
179100,425984,2297
179200,425984,2298
179300,425984,2299
179400,425984,2300
179500,425984,2301
179600,425984,2302
179700,425984,2305
179800,425984,2305
179900,425984,2305
180000,425984,2305
180100,426496,2306
180200,426496,2308
180300,427008,2308
180400,427008,2308
180500,427008,2310
180600,427008,2312
180700,428032,2313
180800,428032,2314
180900,428032,2315
181000,428032,2315
181100,428032,2317
181200,428032,2317
181300,428032,2318
181400,428032,2320
181500,428032,2321
181600,431104,2321
181700,431616,2324
181800,431616,2324
181900,432128,2325
182000,433152,2326
182100,433664,2326
182200,434176,2327
182300,435200,2327
182400,436224,2328
182500,436736,2329
182600,437760,2330
182700,438784,2332
182800,439808,2332
182900,440832,2333
183000,440832,2335
183100,441344,2335
183200,441856,2335
183300,441856,2336
183400,441856,2336
183500,441856,2337
183600,442368,2337
183700,442368,2340
183800,442368,2341
183900,442368,2342
184000,442368,2342
184100,442368,2342
184200,442368,2343
184300,442368,2345
184400,442368,2345
184500,442368,2345
184600,442368,2345
184700,442368,2345
184800,442368,2346
184900,442368,2348
185000,442368,2350
185100,442368,2352
185200,442368,2352
185300,442368,2352
185400,442368,2352
185500,442368,2353
185600,442368,2354
185700,442368,2356
185800,442368,2356
185900,442368,2358
186000,442368,2359
186100,442368,2360
186200,442368,2361
186300,442368,2361
186400,442368,2361
186500,442368,2362
186600,442368,2362
186700,442368,2363
186800,442368,2365
186900,442368,2367
187000,442368,2368
187100,442368,2369
187200,442368,2369
187300,442368,2371
187400,442368,2372
187500,442368,2373
187600,442368,2373
187700,442368,2375
187800,442368,2378
187900,442368,2380
188000,442368,2382
188100,442368,2383
188200,442368,2383
188300,442368,2385
188400,442368,2385
188500,442368,2387
188600,442368,2388
188700,442880,2390
188800,442880,2390
188900,443392,2392
189000,443392,2392
189100,443392,2392
189200,443392,2393
189300,443904,2394
189400,443904,2395
189500,444416,2396
189600,444416,2398
189700,444416,2400
189800,444416,2401
189900,444928,2401
190000,444928,2401
190100,445952,2401
190200,447488,2402
190300,448000,2403
190400,448512,2406
190500,449024,2408
190600,449536,2409
190700,450560,2409
190800,451584,2409
190900,451584,2411
191000,452096,2411
191100,453120,2411
191200,454656,2411
191300,455680,2413
191400,457216,2413
191500,457216,2414
191600,457216,2415
191700,458240,2416
191800,458240,2416
191900,458240,2418
192000,458240,2419
192100,458240,2420
192200,458240,2421
192300,458752,2422
192400,458752,2423
192500,458752,2425
192600,458752,2425
192700,458752,2426
192800,458752,2429
192900,458752,2430
193000,458752,2431
193100,458752,2433
193200,458752,2434
193300,458752,2434
193400,458752,2435
193500,458752,2436
193600,458752,2437
193700,458752,2437
193800,458752,2438
193900,458752,2438
194000,458752,2438
194100,458752,2440
194200,458752,2440
194300,458752,2440
194400,458752,2442
194500,458752,2442
194600,458752,2443
194700,458752,2444
194800,458752,2445
194900,458752,2445
195000,458752,2447
195100,458752,2447
195200,458752,2449
195300,458752,2449
195400,458752,2452
195500,458752,2453
195600,458752,2453
195700,458752,2456
195800,458752,2456
195900,458752,2458
196000,458752,2458
196100,458752,2458
196200,458752,2459
196300,458752,2459
196400,458752,2461
196500,458752,2461
196600,458752,2462
196700,458752,2464
196800,458752,2465
196900,458752,2467
197000,458752,2469
197100,458752,2470
197200,458752,2471
197300,459264,2473
197400,459264,2474
197500,459264,2474
197600,459264,2474
197700,459776,2474
197800,459776,2476
197900,459776,2477
198000,460288,2478
198100,460288,2478
198200,460288,2480
198300,460800,2481
198400,460800,2482
198500,461312,2484
198600,461312,2484
198700,462848,2485
198800,464384,2486
198900,464896,2487
199000,464896,2488
199100,465408,2490
199200,465920,2491
199300,466944,2491
199400,467968,2493
199500,468480,2494
199600,468992,2494
199700,470016,2495
199800,470528,2498
199900,471040,2498
200000,472576,2499
200100,473088,2499
200200,473600,2500
200300,473600,2502
200400,473600,2502
200500,474112,2503
200600,474624,2505
200700,474624,2507
200800,474624,2508
200900,474624,2509
201000,474624,2509
201100,475136,2510
201200,475136,2510
201300,475136,2510
201400,475136,2510
201500,475136,2510
201600,475136,2510
201700,475136,2511
201800,475136,2511
201900,475136,2511
202000,475136,2512
202100,475136,2513
202200,475136,2515
202300,475136,2516
202400,475136,2518
202500,475136,2520
202600,475136,2521
202700,475136,2522
202800,475136,2522
202900,475136,2523
203000,475136,2524
203100,475136,2524
203200,475136,2525
203300,475136,2525
203400,475136,2527
203500,475136,2528
203600,475136,2531
203700,475136,2531
203800,475136,2532
203900,475136,2534
204000,475136,2535
204100,475136,2536
204200,475136,2537
204300,475136,2537
204400,475136,2538
204500,475136,2539
204600,475136,2539
204700,475136,2541
204800,475136,2543
204900,475136,2543
205000,475136,2543
205100,475136,2546
205200,475136,2546
205300,475136,2546
205400,475136,2546
205500,475136,2547
205600,475136,2547
205700,475136,2548
205800,475136,2548
205900,475648,2549
206000,475648,2550
206100,475648,2551
206200,475648,2553
206300,476160,2553
206400,476160,2554
206500,476672,2555
206600,476672,2556
206700,476672,2556
206800,476672,2557
206900,477696,2558
207000,477696,2558
207100,477696,2559
207200,478720,2560
207300,478720,2561
207400,479232,2562
207500,479744,2566
207600,480256,2567
207700,481792,2567
207800,482304,2568
207900,482816,2570
208000,483840,2570
208100,484864,2571
208200,484864,2571
208300,484864,2572
208400,486400,2573
208500,486912,2573
208600,487424,2573
208700,487936,2574
208800,488448,2574
208900,490496,2577
209000,490496,2578
209100,490496,2580
209200,491008,2582
209300,491008,2582
209400,491520,2582
209500,491520,2583
209600,491520,2583
209700,491520,2584
209800,491520,2585
209900,491520,2586
210000,491520,2588
210100,491520,2589
210200,491520,2589
210300,491520,2589
210400,491520,2589
210500,491520,2590
210600,491520,2590
210700,491520,2591
210800,491520,2593
210900,491520,2595
211000,491520,2597
211100,491520,2598
211200,491520,2601
211300,491520,2603
211400,491520,2604
211500,491520,2606
211600,491520,2606
211700,491520,2606
211800,491520,2606
211900,491520,2606
212000,491520,2607
212100,491520,2607
212200,491520,2608
212300,491520,2608
212400,491520,2611
212500,491520,2613
212600,491520,2614
212700,491520,2614
212800,491520,2616
212900,491520,2617
213000,491520,2619
213100,491520,2620
213200,491520,2621
213300,491520,2624
213400,491520,2625
213500,491520,2625
213600,491520,2625
213700,491520,2627
213800,491520,2627
213900,491520,2628
214000,491520,2628
214100,491520,2631
214200,491520,2631
214300,491520,2633
214400,491520,2633
214500,492032,2637
214600,492032,2638
214700,492032,2638
214800,492032,2640
214900,492544,2641
215000,492544,2643
215100,492544,2644
215200,493056,2644
215300,493056,2644
215400,493056,2644
215500,493568,2644
215600,493568,2645
215700,493568,2646
215800,494592,2647
215900,494592,2647
216000,495104,2648
216100,495104,2649
216200,498688,2649
216300,498688,2649
216400,499712,2650
216500,500224,2650
216600,500224,2650
216700,500224,2651
216800,501760,2652
216900,502784,2653
217000,502784,2654
217100,503296,2655
217200,503296,2657
217300,503808,2658
217400,505344,2660
217500,506880,2662
217600,507392,2663
217700,507392,2663
217800,507392,2663
217900,507392,2663
218000,507904,2665
218100,507904,2665
218200,507904,2666
218300,507904,2666
218400,507904,2668
218500,507904,2668
218600,507904,2670
218700,507904,2670
218800,507904,2670
218900,507904,2670
219000,507904,2671
219100,507904,2673
219200,507904,2673
219300,507904,2675
219400,507904,2677
219500,507904,2677
219600,507904,2678
219700,507904,2678
219800,507904,2679
219900,507904,2679
220000,507904,2681
220100,507904,2682
220200,507904,2685
220300,507904,2687
220400,507904,2687
220500,507904,2689
220600,507904,2691
220700,507904,2691
220800,507904,2692
220900,507904,2692
221000,507904,2694
221100,507904,2695
221200,507904,2697
221300,507904,2697
221400,507904,2697
221500,507904,2697
221600,507904,2697
221700,507904,2698
221800,507904,2700
221900,507904,2702
222000,507904,2703
222100,507904,2706
222200,507904,2708
222300,507904,2710
222400,507904,2710
222500,507904,2710
222600,507904,2710
222700,507904,2710
222800,507904,2712
222900,507904,2712
223000,508416,2712
223100,508416,2713
223200,508416,2713
223300,508416,2713
223400,508416,2716
223500,508928,2718
223600,508928,2719
223700,508928,2721
223800,508928,2721
223900,508928,2722
224000,509440,2723
224100,509952,2724
224200,509952,2725
224300,509952,2725
224400,511488,2726
224500,512512,2727
224600,512512,2729
224700,512512,2730
224800,512512,2732
224900,513536,2733
225000,515072,2735
225100,516608,2736
225200,516608,2738
225300,516608,2738
225400,517632,2740
225500,518144,2740
225600,519680,2741
225700,519680,2741
225800,519680,2742
225900,521216,2744
226000,521216,2744
226100,522240,2745
226200,523264,2745
226300,523776,2745
226400,523776,2746
226500,523776,2747
226600,523776,2748
226700,523776,2750
226800,524288,2752
226900,524288,2753
227000,524288,2754
227100,524288,2755
227200,524288,2756
227300,524288,2757
227400,524288,2760
227500,524288,2760
227600,524288,2761
227700,524288,2761
227800,524288,2761
227900,524288,2761
228000,524288,2761
228100,524288,2761
228200,524288,2761
228300,524288,2761
228400,524288,2762
228500,524288,2763
228600,524288,2764
228700,524288,2766
228800,524288,2766
228900,524288,2768
229000,524288,2771
229100,524288,2771
229200,524288,2772
229300,524288,2772
229400,524288,2775
229500,524288,2775
229600,524288,2776
229700,524288,2777
229800,524288,2777
229900,524288,2778
230000,524288,2781
230100,524288,2781
230200,524288,2782
230300,524288,2782
230400,524288,2783
230500,524288,2783
230600,524288,2784
230700,524288,2785
230800,524288,2787
230900,524288,2787
231000,524288,2788
231100,524288,2789
231200,524288,2789
231300,524288,2790
231400,524288,2792
231500,524288,2792
231600,524288,2792
231700,524800,2793
231800,524800,2796
231900,524800,2797
232000,524800,2798
232100,524800,2799
232200,525312,2800
232300,525312,2801
232400,525312,2802
232500,525312,2803
232600,525312,2804
232700,525312,2804
232800,525824,2805
232900,526848,2807
233000,527360,2807
233100,527872,2807
233200,528384,2809
233300,528896,2810
233400,528896,2812
233500,528896,2813
233600,529408,2814
233700,530432,2814
233800,532480,2816
233900,532992,2816
234000,532992,2816
234100,534016,2816
234200,535552,2817
234300,535552,2818
234400,535552,2820
234500,536064,2822
234600,537088,2822
234700,537600,2822
234800,538112,2823
234900,540160,2824
235000,540160,2824
235100,540160,2826
235200,540160,2826
235300,540160,2828
235400,540160,2828
235500,540672,2830
235600,540672,2833
235700,540672,2833
235800,540672,2835
235900,540672,2835
236000,540672,2836
236100,540672,2838
236200,540672,2838
236300,540672,2839
236400,540672,2840
236500,540672,2840
236600,540672,2841
236700,540672,2842
236800,540672,2842
236900,540672,2843
237000,540672,2843
237100,540672,2845
237200,540672,2846
237300,540672,2847
237400,540672,2847
237500,540672,2847
237600,540672,2848
237700,540672,2852
237800,540672,2852
237900,540672,2852
238000,540672,2852
238100,540672,2852
238200,540672,2853
238300,540672,2853
238400,540672,2853
238500,540672,2853
238600,540672,2854
238700,540672,2855
238800,540672,2855
238900,540672,2857
239000,540672,2859
239100,540672,2860
239200,540672,2860
239300,540672,2861
239400,540672,2861
239500,540672,2861
239600,540672,2863
239700,540672,2863
239800,540672,2863
239900,540672,2865
240000,540672,2866
240100,540672,2867
240200,540672,2870
240300,540672,2871
240400,540672,2874
240500,541184,2875
240600,541184,2875
240700,541184,2876
240800,541184,2876
240900,541696,2876
241000,541696,2876
241100,542208,2876
241200,542208,2877
241300,543232,2877
241400,543232,2879
241500,543744,2881
241600,544256,2884
241700,544256,2886
241800,545280,2886
241900,545280,2886
242000,545280,2886
242100,545280,2888
242200,545792,2889
242300,546304,2889
242400,547328,2890
242500,547840,2890
242600,548352,2892
242700,549888,2894
242800,550912,2894
242900,551424,2894
243000,552448,2895
243100,552448,2895
243200,552448,2896
243300,552960,2896
243400,553984,2896
243500,555008,2896
243600,555520,2897
243700,556544,2898
243800,556544,2898
243900,556544,2899
244000,557056,2900
244100,557056,2900
244200,557056,2901
244300,557056,2901
244400,557056,2904
244500,557056,2907
244600,557056,2907
244700,557056,2911
244800,557056,2911
244900,557056,2911
245000,557056,2911
245100,557056,2911
245200,557056,2914
245300,557056,2918
245400,557056,2919
245500,557056,2919
245600,557056,2919
245700,557056,2919
245800,557056,2919
245900,557056,2920
246000,557056,2920
246100,557056,2923
246200,557056,2926
246300,557056,2927
246400,557056,2929
246500,557056,2929
246600,557056,2929
246700,557056,2929
246800,557056,2930
246900,557056,2930
247000,557056,2932
247100,557056,2934
247200,557056,2935
247300,557056,2936
247400,557056,2936
247500,557056,2937
247600,557056,2937
247700,557056,2938
247800,557056,2940
247900,557056,2940
248000,557056,2942
248100,557056,2942
248200,557056,2944
248300,557056,2944
248400,557056,2944
248500,557056,2944
248600,557056,2945
248700,557056,2947
248800,557056,2949
248900,557056,2953
249000,557056,2956
249100,557056,2956
249200,557056,2957
249300,557056,2959
249400,557568,2959
249500,557568,2959
249600,558080,2959
249700,558080,2959
249800,558080,2961
249900,558080,2963
250000,558592,2963
250100,558592,2963
250200,558592,2965
250300,558592,2965
250400,560128,2967
250500,560640,2969
250600,561152,2970
250700,561664,2971
250800,561664,2972
250900,561664,2972
251000,561664,2973
251100,561664,2973
251200,561664,2975
251300,563200,2977
251400,563712,2981
251500,563712,2985
251600,565248,2985
251700,566272,2986
251800,566784,2986
251900,567296,2986
252000,567808,2988
252100,567808,2990
252200,568320,2990
252300,569344,2990
252400,569344,2991
252500,570368,2991
252600,571904,2992
252700,572416,2992
252800,572416,2993
252900,572928,2994
253000,572928,2995
253100,573440,2995
253200,573440,2995
253300,573440,2996
253400,573440,2996
253500,573440,2997
253600,573440,2999
253700,573440,3000
253800,573440,3001
253900,573440,3002
254000,573440,3005
254100,573440,3006
254200,573440,3006
254300,573440,3009
254400,573440,3010
254500,573440,3010
254600,573440,3010
254700,573440,3011
254800,573440,3011
254900,573440,3013
255000,573440,3015
255100,573440,3015
255200,573440,3015
255300,573440,3015
255400,573440,3017
255500,573440,3018
255600,573440,3019
255700,573440,3020
255800,573440,3021
255900,573440,3021
256000,573440,3021
256100,573440,3022
256200,573440,3025
256300,573440,3027
256400,573440,3029
256500,573440,3029
256600,573440,3029
256700,573440,3031
256800,573440,3032
256900,573440,3034
257000,573440,3034
257100,573440,3034
257200,573440,3034
257300,573440,3037
257400,573440,3038
257500,573440,3039
257600,573440,3039
257700,573440,3041
257800,573440,3041
257900,573440,3042
258000,573440,3043
258100,573440,3045
258200,573440,3045
258300,574464,3046
258400,574464,3046
258500,574464,3049
258600,574464,3049
258700,574976,3049
258800,574976,3049
258900,574976,3050
259000,574976,3051
259100,576000,3052
259200,577024,3053
259300,577024,3055
259400,577536,3056
259500,577536,3057
259600,577536,3058
259700,578048,3059
259800,578048,3060
259900,578048,3060
260000,578560,3060
260100,579584,3060
260200,580096,3061
260300,581632,3061
260400,582656,3062
260500,584192,3063
260600,584192,3064
260700,584704,3067
260800,584704,3068
260900,585216,3068
261000,585728,3070
261100,586240,3070
261200,587264,3070
261300,588800,3071
261400,588800,3073
261500,589312,3073
261600,589312,3074
261700,589312,3074
261800,589312,3076
261900,589824,3076
262000,589824,3077
262100,589824,3077
262200,589824,3078
262300,589824,3079
262400,589824,3081
262500,589824,3081
262600,589824,3082
262700,589824,3082
262800,589824,3082
262900,589824,3083
263000,589824,3085
263100,589824,3085
263200,589824,3086
263300,589824,3086
263400,589824,3086
263500,589824,3086
263600,589824,3087
263700,589824,3088
263800,589824,3091
263900,589824,3092
264000,589824,3094
264100,589824,3094
264200,589824,3095
264300,589824,3097
264400,589824,3098
264500,589824,3098
264600,589824,3101
264700,589824,3105
264800,589824,3105
264900,589824,3105
265000,589824,3106
265100,589824,3106
265200,589824,3107
265300,589824,3107
265400,589824,3108
265500,589824,3109
265600,589824,3111
265700,589824,3113
265800,589824,3114
265900,589824,3117
266000,589824,3119
266100,589824,3119
266200,589824,3121
266300,589824,3121
266400,589824,3123
266500,589824,3124
266600,589824,3124
266700,589824,3124
266800,590336,3125
266900,590848,3126
267000,590848,3127
267100,590848,3128
267200,590848,3129
267300,590848,3130
267400,591360,3131
267500,591360,3131
267600,591360,3131
267700,592384,3132
267800,592384,3134
267900,592896,3136
268000,593408,3137
268100,593920,3139
268200,593920,3140
268300,593920,3140
268400,593920,3142
268500,594432,3145
268600,595456,3146
268700,595456,3146
268800,595456,3147
268900,596992,3150
269000,597504,3151
269100,598528,3153
269200,600064,3154
269300,601088,3155
269400,601600,3155
269500,601600,3155
269600,601600,3155
269700,601600,3156
269800,603136,3156
269900,604160,3156
270000,604672,3156
270100,604672,3157
270200,605184,3161
270300,605696,3162
270400,605696,3163
270500,605696,3164
270600,605696,3167
270700,606208,3169
270800,606208,3170
270900,606208,3170
271000,606208,3172
271100,606208,3172
271200,606208,3173
271300,606208,3174
271400,606208,3174
271500,606208,3175
271600,606208,3177
271700,606208,3178
271800,606208,3178
271900,606208,3180
272000,606208,3180
272100,606208,3180
272200,606208,3180
272300,606208,3180
272400,606208,3180
272500,606208,3182
272600,606208,3184
272700,606208,3185
272800,606208,3187
272900,606208,3188
273000,606208,3189
273100,606208,3189
273200,606208,3189
273300,606208,3191
273400,606208,3192
273500,606208,3193
273600,606208,3193
273700,606208,3194
273800,606208,3195
273900,606208,3195
274000,606208,3196
274100,606208,3199
274200,606208,3199
274300,606208,3199
274400,606208,3200
274500,606208,3201
274600,606208,3202
274700,606208,3202
274800,606208,3204
274900,606208,3205
275000,606208,3205
275100,606208,3205
275200,606208,3206
275300,606208,3207
275400,606208,3208
275500,606720,3211
275600,607232,3213
275700,607232,3213
275800,607232,3214
275900,607232,3215
276000,607232,3215
276100,607232,3216
276200,607232,3216
276300,607744,3217
276400,609280,3217
276500,609280,3218
276600,609792,3218
276700,609792,3219
276800,609792,3220
276900,609792,3221
277000,610304,3221
277100,610304,3221
277200,610816,3222
277300,611328,3227
277400,611328,3228
277500,613376,3231
277600,613376,3233
277700,613888,3234
277800,613888,3234
277900,614400,3234
278000,616448,3236
278100,617472,3236
278200,617984,3237
278300,617984,3238
278400,619008,3238
278500,619520,3238
278600,619520,3238
278700,620032,3238
278800,621568,3241
278900,621568,3242
279000,622080,3242
279100,622080,3243
279200,622080,3245
279300,622592,3245
279400,622592,3245
279500,622592,3245
279600,622592,3246
279700,622592,3246
279800,622592,3248
279900,622592,3250
280000,622592,3251
280100,622592,3253
280200,622592,3253
280300,622592,3254
280400,622592,3254
280500,622592,3254
280600,622592,3254
280700,622592,3256
280800,622592,3257
280900,622592,3257
281000,622592,3257
281100,622592,3257
281200,622592,3257
281300,622592,3260
281400,622592,3260
281500,622592,3260
281600,622592,3262
281700,622592,3264
281800,622592,3265
281900,622592,3265
282000,622592,3265
282100,622592,3265
282200,622592,3266
282300,622592,3267
282400,622592,3268
282500,622592,3270
282600,622592,3272
282700,622592,3274
282800,622592,3274
282900,622592,3275
283000,622592,3276
283100,622592,3277
283200,622592,3278
283300,622592,3279
283400,622592,3280
283500,622592,3280
283600,622592,3281
283700,622592,3283
283800,622592,3284
283900,622592,3284
284000,623104,3285
284100,623104,3286
284200,623104,3286
284300,623616,3287
284400,623616,3287
284500,623616,3288
284600,624128,3288
284700,624128,3289
284800,624128,3289
284900,624640,3290
285000,625152,3295
285100,625664,3300
285200,625664,3302
285300,625664,3304
285400,626176,3304
285500,626176,3305
285600,626176,3306
285700,626176,3307
285800,626688,3310
285900,627200,3311
286000,627712,3313
286100,629248,3315
286200,630272,3316
286300,630272,3318
286400,630272,3318
286500,630272,3318
286600,631296,3318
286700,632832,3320
286800,633856,3321
286900,634368,3323
287000,634368,3323
287100,635904,3323
287200,636416,3324
287300,636928,3325
287400,637440,3325
287500,637952,3325
287600,637952,3326
287700,638464,3327
287800,638464,3328
287900,638464,3329
288000,638976,3330
288100,638976,3330
288200,638976,3330
288300,638976,3330
288400,638976,3330
288500,638976,3331
288600,638976,3332
288700,638976,3334
288800,638976,3337
288900,638976,3337
289000,638976,3337
289100,638976,3339
289200,638976,3341
289300,638976,3344
289400,638976,3346
289500,638976,3349
289600,638976,3350
289700,638976,3350
289800,638976,3353
289900,638976,3353
290000,638976,3355
290100,638976,3355
290200,638976,3355
290300,638976,3355
290400,638976,3356
290500,638976,3357
290600,638976,3358
290700,638976,3359
290800,638976,3359
290900,638976,3359
291000,638976,3360
291100,638976,3361
291200,638976,3361
291300,638976,3363
291400,638976,3363
291500,638976,3365
291600,638976,3365
291700,638976,3365
291800,638976,3368
291900,638976,3370
292000,638976,3370
292100,638976,3372
292200,638976,3372
292300,638976,3372
292400,638976,3373
292500,638976,3373
292600,638976,3375
292700,638976,3375
292800,638976,3375
292900,640000,3375
293000,640000,3377
293100,640000,3378
293200,640000,3379
293300,640000,3381
293400,640512,3382
293500,640512,3385
293600,640512,3385
293700,641536,3385
293800,641536,3385
293900,642560,3386
294000,642560,3389
294100,642560,3389
294200,642560,3389
294300,642560,3389
294400,643072,3391
294500,643584,3392
294600,644608,3394
294700,645632,3395
294800,646144,3395
294900,646656,3395
295000,646656,3395
295100,646656,3396
295200,646656,3396
295300,648704,3396
295400,650240,3396
295500,650752,3396
295600,652288,3398
295700,652800,3398
295800,653312,3400
295900,653824,3405
296000,654336,3407
296100,654336,3409
296200,654848,3409
296300,654848,3410
296400,654848,3410
296500,655360,3412
296600,655360,3412
296700,655360,3412
296800,655360,3413
296900,655360,3414
297000,655360,3416
297100,655360,3417
297200,655360,3418
297300,655360,3419
297400,655360,3419
297500,655360,3420
297600,655360,3421
297700,655360,3421
297800,655360,3421
297900,655360,3423
298000,655360,3423
298100,655360,3423
298200,655360,3423
298300,655360,3423
298400,655360,3423
298500,655360,3425
298600,655360,3427
298700,655360,3430
298800,655360,3432
298900,655360,3432
299000,655360,3432
299100,655360,3435
299200,655360,3436
299300,655360,3437
299400,655360,3439
299500,655360,3440
299600,655360,3441
299700,655360,3441
299800,655360,3441
299900,655360,3441
300000,655360,3442
