100,0,0
200,0,0
300,0,0
400,0,0
500,0,0
600,0,0
700,0,0
800,0,0
900,0,0
1000,0,1
1100,0,1
1200,0,1
1300,0,1
1400,0,3
1500,0,3
1600,0,5
1700,0,5
1800,0,5
1900,0,5
2000,0,8
2100,0,9
2200,0,9
2300,0,9
2400,0,9
2500,0,9
2600,0,10
2700,0,12
2800,0,13
2900,0,13
3000,0,14
3100,0,16
3200,0,16
3300,0,17
3400,0,18
3500,0,19
3600,0,19
3700,0,19
3800,0,24
3900,0,29
4000,0,32
4100,0,33
4200,0,33
4300,0,33
4400,0,34
4500,0,36
4600,0,36
4700,0,38
4800,0,38
4900,0,40
5000,0,42
5100,0,43
5200,0,44
5300,0,44
5400,0,46
5500,0,47
5600,0,48
5700,0,48
5800,0,54
5900,0,55
6000,0,55
6100,0,56
6200,0,56
6300,0,56
6400,0,58
6500,0,58
6600,0,61
6700,0,65
6800,0,67
6900,0,68
7000,0,69
7100,0,69
7200,0,69
7300,0,70
7400,0,70
7500,0,72
7600,0,74
7700,0,75
7800,0,77
7900,0,80
8000,0,81
8100,0,81
8200,0,82
8300,0,83
8400,0,84
8500,0,84
8600,0,86
8700,0,88
8800,0,90
8900,0,92
9000,0,94
9100,0,96
9200,0,97
9300,0,97
9400,0,97
9500,0,99
9600,0,99
9700,0,102
9800,0,102
9900,0,105
10000,0,107
10100,0,109
10200,0,112
10300,0,113
10400,512,113
10500,1024,113
10600,1024,114
10700,1024,115
10800,1024,120
10900,1024,122
11000,1024,123
11100,1024,123
11200,1024,123
11300,1024,123
11400,1024,123
11500,1024,123
11600,1024,128
11700,1024,130
11800,1024,130
11900,1024,132
12000,1024,133
12100,1024,136
12200,1024,137
12300,1024,137
12400,1024,138
12500,1024,139
12600,1024,141
12700,1024,145
12800,1024,148
12900,1024,150
13000,1024,151
13100,1024,152
13200,1024,152
13300,1024,153
13400,1024,153
13500,1024,155
13600,1024,156
13700,1024,159
13800,1024,159
13900,1024,160
14000,1024,164
14100,1024,164
14200,1024,164
14300,1024,165
14400,1024,166
14500,1024,170
14600,1024,170
14700,1024,171
14800,1024,171
14900,1024,174
15000,1024,175
15100,1024,176
15200,1024,179
15300,1024,180
15400,1024,180
15500,1024,181
15600,1024,181
15700,1024,184
15800,2048,184
15900,2048,184
16000,2048,189
16100,2048,191
16200,2048,193
16300,2048,198
16400,2048,199
16500,2048,202
16600,2048,202
16700,2048,204
16800,2048,204
16900,2048,205
17000,2048,205
17100,2048,206
17200,2048,211
17300,2048,212
17400,2048,214
17500,2048,215
17600,2048,216
17700,2048,219
17800,2048,220
17900,2048,222
18000,2048,222
18100,2048,222
18200,2048,222
18300,2048,222
18400,2048,226
18500,2048,228
18600,2048,229
18700,2048,231
18800,2048,232
18900,2048,232
19000,2048,233
19100,2048,237
19200,2048,239
19300,2048,239
19400,2048,242
19500,2048,244
19600,2048,246
19700,2048,246
19800,2048,247
19900,2048,249
20000,2048,252
20100,2048,252
20200,2048,254
20300,2048,254
20400,2048,254
20500,2048,255
20600,2048,256
20700,2048,258
20800,2048,259
20900,2048,261
21000,2048,261
21100,2560,262
21200,2560,262
21300,3072,264
21400,3072,269
21500,3072,269
21600,3072,269
21700,3072,273
21800,3072,279
21900,3072,279
22000,3072,279
22100,3072,281
22200,3072,281
22300,3072,281
22400,3072,283
22500,3072,284
22600,3072,288
22700,3072,289
22800,3072,289
22900,3072,291
23000,3072,292
23100,3072,295
23200,3072,295
23300,3072,296
23400,3072,297
23500,3072,297
23600,3072,298
23700,3072,299
23800,3072,302
23900,3072,304
24000,3072,306
24100,3072,309
24200,3072,309
24300,3072,312
24400,3072,315
24500,3072,317
24600,3072,317
24700,3072,317
24800,3072,319
24900,3072,320
25000,3072,322
25100,3072,323
25200,3072,323
25300,3072,324
25400,3072,324
25500,3072,325
25600,3072,327
25700,3072,328
25800,3072,331
25900,3072,332
26000,3072,333
26100,3072,333
26200,3072,336
26300,3072,337
26400,3072,339
26500,3584,339
26600,3584,342
26700,4096,346
26800,4096,350
26900,4096,350
27000,4096,350
27100,4096,350
27200,4096,350
27300,4096,350
27400,4096,350
27500,4096,350
27600,4096,352
27700,4096,353
27800,4096,355
27900,4096,355
28000,4096,356
28100,4096,358
28200,4096,359
28300,4096,360
28400,4096,363
28500,4096,366
28600,4096,367
28700,4096,369
28800,4096,369
28900,4096,369
29000,4096,371
29100,4096,371
29200,4096,372
29300,4096,375
29400,4096,376
29500,4096,377
29600,4096,377
29700,4096,378
29800,4096,378
29900,4096,378
30000,4096,378
30100,4096,380
30200,4096,383
30300,4096,385
30400,4096,387
30500,4096,388
30600,4096,388
30700,4096,389
30800,4096,391
30900,4096,391
31000,4096,394
31100,4096,396
31200,4096,397
31300,4096,403
31400,4096,404
31500,4096,405
31600,4096,405
31700,4096,406
31800,4096,409
31900,4608,410
32000,4608,410
32100,5120,412
32200,5120,414
32300,5120,417
32400,5120,419
32500,5120,419
32600,5120,419
32700,5120,422
32800,5120,423
32900,5120,427
33000,5120,427
33100,5120,429
33200,5120,430
33300,5120,430
33400,5120,433
33500,5120,434
33600,5120,434
33700,5120,434
33800,5120,434
33900,5120,436
34000,5120,437
34100,5120,439
34200,5120,440
34300,5120,442
34400,5120,444
34500,5120,445
34600,5120,447
34700,5120,447
34800,5120,449
34900,5120,450
35000,5120,450
35100,5120,454
35200,5120,455
35300,5120,457
35400,5120,457
35500,5120,458
35600,5120,459
35700,5120,460
35800,5120,460
35900,5120,462
36000,5120,465
36100,5120,466
36200,5120,466
36300,5120,467
36400,5120,468
36500,5120,468
36600,5120,468
36700,5120,470
36800,5120,471
36900,5120,472
37000,5120,474
37100,5632,475
37200,5632,475
37300,5632,475
37400,6144,478
37500,6144,479
37600,6144,481
37700,6144,481
37800,6144,481
37900,6144,483
38000,6144,484
38100,6144,484
38200,6144,485
38300,6144,486
38400,6144,490
38500,6144,491
38600,6144,495
38700,6144,498
38800,6144,501
38900,6144,503
39000,6144,505
39100,6144,505
39200,6144,505
39300,6144,508
39400,6144,510
39500,6144,511
39600,6144,514
39700,6144,515
39800,6144,515
39900,6144,517
40000,6144,519
40100,6144,520
40200,6144,522
40300,6144,522
40400,6144,523
40500,6144,524
40600,6144,527
40700,6144,529
40800,6144,532
40900,6144,532
41000,6144,533
41100,6144,536
41200,6144,536
41300,6144,536
41400,6144,537
41500,6144,539
41600,6144,539
41700,6144,540
41800,6144,542
41900,6144,544
42000,6144,549
42100,6144,550
42200,6144,551
42300,6656,552
42400,6656,552
42500,6656,553
42600,6656,556
42700,6656,559
42800,6656,560
42900,7168,561
43000,7168,563
43100,7168,566
43200,7168,566
43300,7168,566
43400,7168,567
43500,7168,567
43600,7168,567
43700,7168,569
43800,7168,570
43900,7168,571
44000,7168,574
44100,7168,579
44200,7168,579
44300,7168,579
44400,7168,580
44500,7168,581
44600,7168,583
44700,7168,583
44800,7168,587
44900,7168,588
45000,7168,589
45100,7168,590
45200,7168,591
45300,7168,592
45400,7168,596
45500,7168,597
45600,7168,598
45700,7168,599
45800,7168,602
45900,7168,603
46000,7168,603
46100,7168,605
46200,7168,605
46300,7168,608
46400,7168,610
46500,7168,611
46600,7168,611
46700,7168,611
46800,7168,612
46900,7168,615
47000,7168,617
47100,7168,619
47200,7168,620
47300,7168,622
47400,7168,622
47500,7168,629
47600,7168,629
47700,7168,629
47800,7168,631
47900,7168,633
48000,7168,633
48100,7680,637
48200,7680,641
48300,7680,642
48400,7680,645
48500,8192,646
48600,8192,646
48700,8192,646
48800,8192,647
48900,8192,648
49000,8192,648
49100,8192,649
49200,8192,651
49300,8192,652
49400,8192,652
49500,8192,654
49600,8192,658
49700,8192,658
49800,8192,658
49900,8192,659
50000,8192,665
50100,8192,665
50200,8192,665
50300,8192,665
50400,8192,665
50500,8192,665
50600,8192,666
50700,8192,672
50800,8192,675
50900,8192,675
51000,8192,678
51100,8192,678
51200,8192,678
51300,8192,678
51400,8192,678
51500,8192,681
51600,8192,681
51700,8192,681
51800,8192,683
51900,8192,686
52000,8192,689
52100,8192,691
52200,8192,692
52300,8192,692
52400,8192,692
52500,8192,697
52600,8192,697
52700,8192,700
52800,8192,701
52900,8192,701
53000,8192,702
53100,8192,707
53200,8192,709
53300,8192,709
53400,8704,709
53500,8704,711
53600,8704,711
53700,8704,712
53800,8704,712
53900,8704,713
54000,9216,715
54100,9216,715
54200,9216,716
54300,9216,717
54400,9216,718
54500,9216,718
54600,9216,719
54700,9216,719
54800,9216,720
54900,9216,722
55000,9216,723
55100,9216,726
55200,9216,728
55300,9216,729
55400,9216,730
55500,9216,733
55600,9216,734
55700,9216,734
55800,9216,737
55900,9216,738
56000,9216,738
56100,9216,738
56200,9216,738
56300,9216,738
56400,9216,740
56500,9216,741
56600,9216,742
56700,9216,743
56800,9216,743
56900,9216,743
57000,9216,745
57100,9216,746
57200,9216,749
57300,9216,750
57400,9216,752
57500,9216,754
57600,9216,755
57700,9216,756
57800,9216,757
57900,9216,759
58000,9216,759
58100,9216,762
58200,9216,764
58300,9216,766
58400,9216,768
58500,9216,769
58600,9216,769
58700,9216,770
58800,9216,770
58900,9216,773
59000,9728,776
59100,9728,779
59200,9728,779
59300,9728,780
59400,9728,780
59500,9728,781
59600,9728,783
59700,10240,784
59800,10240,788
59900,10240,790
60000,10240,790
100,10240,794
200,10240,797
300,10240,800
400,10240,800
500,10240,800
600,10240,801
700,10240,802
800,10240,805
900,10240,807
1000,10240,809
1100,10240,809
1200,10240,809
1300,10240,809
1400,10240,809
1500,10240,811
1600,10240,812
1700,10240,814
1800,10240,819
1900,10240,822
2000,10240,824
2100,10240,824
2200,10240,824
2300,10240,826
2400,10240,828
2500,10240,828
2600,10240,828
2700,10240,828
2800,10240,831
2900,10240,835
3000,10240,837
3100,10240,837
3200,10240,838
3300,10240,841
3400,10240,841
3500,10240,844
3600,10240,846
3700,10240,846
3800,10240,846
3900,10240,847
4000,10240,848
4100,10240,851
4200,10240,853
4300,10240,854
4400,10240,854
4500,10240,856
4600,10240,857
4700,10240,860
4800,10240,860
4900,10752,862
5000,10752,863
5100,10752,864
5200,10752,865
5300,10752,867
5400,10752,867
5500,10752,868
5600,11264,868
5700,11264,868
5800,11264,870
5900,11264,874
6000,11264,875
6100,11264,875
6200,11264,876
6300,11264,877
6400,11264,879
6500,11264,880
6600,11264,881
6700,11264,884
6800,11264,884
6900,11264,884
7000,11264,885
7100,11264,887
7200,11264,887
7300,11264,888
7400,11264,888
7500,11264,890
7600,11264,891
7700,11264,894
7800,11264,894
7900,11264,895
8000,11264,897
8100,11264,899
8200,11264,899
8300,11264,901
8400,11264,901
8500,11264,903
8600,11264,906
8700,11264,908
8800,11264,911
8900,11264,911
9000,11264,912
9100,11264,914
9200,11264,915
9300,11264,915
9400,11264,917
9500,11264,917
9600,11264,919
9700,11264,919
9800,11264,923
9900,11264,925
10000,11264,926
10100,11264,926
10200,11776,926
10300,11776,929
10400,11776,930
10500,11776,932
10600,11776,932
10700,11776,932
10800,11776,932
10900,11776,933
11000,12288,933
11100,12288,933
11200,12288,935
11300,12288,937
11400,12288,937
11500,12288,940
11600,12288,942
11700,12288,945
11800,12288,946
11900,12288,947
12000,12288,948
12100,12288,949
12200,12288,950
12300,12288,954
12400,12288,954
12500,12288,954
12600,12288,954
12700,12288,954
12800,12288,956
12900,12288,957
13000,12288,961
13100,12288,962
13200,12288,964
13300,12288,965
13400,12288,967
13500,12288,967
13600,12288,968
13700,12288,970
13800,12288,970
13900,12288,972
14000,12288,975
14100,12288,977
14200,12288,978
14300,12288,979
14400,12288,981
14500,12288,982
14600,12288,984
14700,12288,986
14800,12288,988
14900,12288,988
15000,12288,988
15100,12288,989
15200,12288,990
15300,12288,991
15400,12288,992
15500,12288,995
15600,12288,997
15700,12288,999
15800,12800,1002
15900,12800,1003
16000,12800,1005
16100,12800,1007
16200,12800,1008
16300,12800,1009
16400,12800,1009
16500,12800,1016
16600,13312,1017
16700,13312,1017
16800,13312,1018
16900,13312,1020
17000,13312,1020
17100,13312,1021
17200,13312,1023
17300,13312,1028
17400,13312,1029
17500,13312,1031
17600,13312,1034
17700,13312,1034
17800,13312,1034
17900,13312,1034
18000,13312,1038
18100,13312,1040
18200,13312,1041
18300,13312,1044
18400,13312,1045
18500,13312,1049
18600,13312,1049
18700,13312,1051
18800,13312,1052
18900,13312,1053
19000,13312,1053
19100,13312,1055
19200,13312,1055
19300,13312,1058
19400,13312,1060
19500,13312,1060
19600,13312,1061
19700,13312,1062
19800,13312,1065
19900,13312,1067
20000,13312,1069
20100,13312,1070
20200,13312,1070
20300,13312,1071
20400,13312,1071
20500,13312,1071
20600,13312,1073
20700,13312,1075
20800,13312,1075
20900,13312,1078
21000,13312,1080
21100,13312,1082
21200,13824,1082
21300,13824,1083
21400,13824,1083
21500,13824,1085
21600,13824,1086
21700,13824,1088
21800,13824,1091
21900,14336,1093
22000,14336,1093
22100,14336,1093
22200,14336,1095
22300,14336,1098
22400,14336,1099
22500,14336,1100
22600,14336,1102
22700,14336,1102
22800,14336,1103
22900,14336,1106
23000,14336,1107
23100,14336,1108
23200,14336,1108
23300,14336,1109
23400,14336,1109
23500,14336,1114
23600,14336,1117
23700,14336,1117
23800,14336,1119
23900,14336,1120
24000,14336,1122
24100,14336,1124
24200,14336,1125
24300,14336,1127
24400,14336,1127
24500,14336,1127
24600,14336,1130
24700,14336,1133
24800,14336,1135
24900,14336,1137
25000,14336,1138
25100,14336,1140
25200,14336,1141
25300,14336,1141
25400,14336,1143
25500,14336,1143
25600,14336,1143
25700,14336,1144
25800,14336,1148
25900,14336,1150
26000,14336,1152
26100,14336,1152
26200,14336,1154
26300,14336,1154
26400,14336,1154
26500,14336,1156
26600,14336,1159
26700,14848,1159
26800,14848,1163
26900,14848,1163
27000,14848,1163
27100,14848,1165
27200,14848,1166
27300,14848,1169
27400,14848,1169
27500,15360,1170
27600,15360,1171
27700,15360,1174
27800,15360,1175
27900,15360,1176
28000,15360,1176
28100,15360,1177
28200,15360,1177
28300,15360,1179
28400,15360,1182
28500,15360,1185
28600,15360,1185
28700,15360,1185
28800,15360,1187
28900,15360,1187
29000,15360,1188
29100,15360,1191
29200,15360,1192
29300,15360,1193
29400,15360,1196
29500,15360,1197
29600,15360,1199
29700,15360,1200
29800,15360,1201
29900,15360,1202
30000,15360,1203
30100,15360,1203
30200,15360,1204
30300,15360,1207
30400,15360,1209
30500,15360,1214
30600,15360,1214
30700,15360,1215
30800,15360,1215
30900,15360,1215
31000,15360,1218
31100,15360,1218
31200,15360,1219
31300,15360,1219
31400,15360,1220
31500,15360,1222
31600,15360,1224
31700,15360,1224
31800,15360,1226
31900,15360,1226
32000,15360,1228
32100,15360,1229
32200,15872,1231
32300,15872,1234
32400,15872,1234
32500,15872,1235
32600,15872,1239
32700,15872,1240
32800,15872,1241
32900,16384,1242
33000,16384,1242
33100,16384,1242
33200,16384,1244
33300,16384,1247
33400,16384,1249
33500,16384,1254
33600,16384,1256
33700,16384,1257
33800,16384,1260
33900,16384,1262
34000,16384,1264
34100,16384,1264
34200,16384,1264
34300,16384,1265
34400,16384,1268
34500,16384,1268
34600,16384,1270
34700,16384,1272
34800,16384,1273
34900,16384,1274
35000,16384,1277
35100,16384,1278
35200,16384,1279
35300,16384,1283
35400,16384,1283
35500,16384,1284
35600,16384,1286
35700,16384,1287
35800,16384,1289
35900,16384,1291
36000,16384,1292
36100,16384,1292
36200,16384,1293
36300,16384,1295
36400,16384,1298
36500,16384,1298
36600,16384,1302
36700,16384,1305
36800,16384,1306
36900,16384,1306
37000,16384,1307
37100,16384,1309
37200,16384,1309
37300,16384,1309
37400,16384,1311
37500,16384,1313
37600,16384,1314
37700,16896,1316
37800,16896,1318
37900,16896,1319
38000,16896,1319
38100,16896,1320
38200,16896,1321
38300,17408,1325
38400,17408,1326
38500,17408,1326
38600,17408,1326
38700,17408,1328
38800,17408,1332
38900,17408,1332
39000,17408,1333
39100,17408,1335
39200,17408,1337
39300,17408,1337
39400,17408,1338
39500,17408,1339
39600,17408,1342
39700,17408,1342
39800,17408,1343
39900,17408,1343
40000,17408,1345
40100,17408,1348
40200,17408,1348
40300,17408,1349
40400,17408,1349
40500,17408,1349
40600,17408,1351
40700,17408,1354
40800,17408,1357
40900,17408,1359
41000,17408,1360
41100,17408,1361
41200,17408,1363
41300,17408,1363
41400,17408,1364
41500,17408,1365
41600,17408,1369
41700,17408,1369
41800,17408,1369
41900,17408,1372
42000,17408,1375
42100,17408,1375
42200,17408,1375
42300,17408,1375
42400,17408,1377
42500,17408,1380
42600,17408,1383
42700,17408,1385
42800,17408,1386
42900,17408,1386
43000,17920,1386
43100,17920,1386
43200,17920,1386
43300,17920,1388
43400,17920,1389
43500,17920,1392
43600,17920,1395
43700,18432,1395
43800,18432,1397
43900,18432,1399
44000,18432,1400
44100,18432,1400
44200,18432,1400
44300,18432,1401
44400,18432,1401
44500,18432,1402
44600,18432,1403
44700,18432,1403
44800,18432,1405
44900,18432,1407
45000,18432,1410
45100,18432,1413
45200,18432,1413
45300,18432,1414
45400,18432,1416
45500,18432,1416
45600,18432,1417
45700,18432,1417
45800,18432,1420
45900,18432,1422
46000,18432,1423
46100,18432,1424
46200,18432,1425
46300,18432,1425
46400,18432,1425
46500,18432,1425
46600,18432,1428
46700,18432,1429
46800,18432,1432
46900,18432,1432
47000,18432,1433
47100,18432,1434
47200,18432,1437
47300,18432,1440
47400,18432,1443
47500,18432,1445
47600,18432,1445
47700,18432,1445
47800,18432,1449
47900,18432,1451
48000,18432,1451
48100,18432,1453
48200,18432,1454
48300,18432,1454
48400,18944,1454
48500,18944,1457
48600,18944,1460
48700,18944,1460
48800,18944,1464
48900,18944,1466
49000,19456,1467
49100,19456,1469
49200,19456,1471
49300,19456,1474
49400,19456,1475
49500,19456,1475
49600,19456,1476
49700,19456,1478
49800,19456,1480
49900,19456,1481
50000,19456,1482
50100,19456,1485
50200,19456,1485
50300,19456,1486
50400,19456,1486
50500,19456,1488
50600,19456,1488
50700,19456,1489
50800,19456,1491
50900,19456,1491
51000,19456,1492
51100,19456,1493
51200,19456,1495
51300,19456,1495
51400,19456,1495
51500,19456,1496
51600,19456,1498
51700,19456,1499
51800,19456,1502
51900,19456,1504
52000,19456,1504
52100,19456,1504
52200,19456,1505
52300,19456,1508
52400,19456,1509
52500,19456,1509
52600,19456,1509
52700,19456,1509
52800,19456,1511
52900,19456,1514
53000,19456,1515
53100,19456,1520
53200,19456,1521
53300,19456,1523
53400,19456,1524
53500,19456,1525
53600,19456,1525
53700,19456,1528
53800,19456,1529
53900,19968,1531
54000,19968,1532
54100,19968,1533
54200,19968,1533
54300,19968,1534
54400,19968,1534
54500,19968,1536
54600,19968,1537
54700,20480,1537
54800,20480,1537
54900,20480,1539
55000,20480,1540
55100,20480,1540
55200,20480,1540
55300,20480,1542
55400,20480,1545
55500,20480,1548
55600,20480,1552
55700,20480,1555
55800,20480,1559
55900,20480,1560
56000,20480,1562
56100,20480,1562
56200,20480,1563
56300,20480,1565
56400,20480,1567
56500,20480,1567
56600,20480,1568
56700,20480,1568
56800,20480,1571
56900,20480,1571
57000,20480,1573
57100,20480,1575
57200,20480,1576
57300,20480,1579
57400,20480,1579
57500,20480,1581
57600,20480,1582
57700,20480,1582
57800,20480,1582
57900,20480,1585
58000,20480,1585
58100,20480,1587
58200,20480,1592
58300,20480,1592
58400,20480,1592
58500,20480,1595
58600,20480,1596
58700,20480,1597
58800,20480,1600
58900,20480,1602
59000,20480,1602
59100,20992,1603
59200,20992,1603
59300,20992,1603
59400,20992,1603
59500,20992,1603
59600,20992,1605
59700,20992,1606
59800,20992,1608
59900,20992,1611
60000,20992,1614
60100,20992,1614
60200,21504,1618
60300,21504,1619
60400,21504,1621
60500,21504,1622
60600,21504,1622
60700,21504,1623
60800,21504,1624
60900,21504,1625
61000,21504,1631
61100,21504,1633
61200,21504,1634
61300,21504,1634
61400,21504,1634
61500,21504,1635
61600,21504,1635
61700,21504,1637
61800,21504,1638
61900,21504,1638
62000,21504,1641
62100,21504,1642
62200,21504,1644
62300,21504,1647
62400,21504,1647
62500,21504,1649
62600,21504,1649
62700,21504,1650
62800,21504,1653
62900,21504,1656
63000,21504,1656
63100,21504,1656
63200,21504,1657
63300,21504,1657
63400,21504,1658
63500,21504,1658
63600,21504,1659
63700,21504,1663
63800,21504,1664
63900,21504,1665
64000,21504,1667
64100,21504,1672
64200,21504,1673
64300,21504,1673
64400,21504,1673
64500,21504,1674
64600,21504,1679
64700,22016,1682
64800,22016,1682
64900,22016,1683
65000,22016,1683
65100,22016,1683
65200,22016,1683
65300,22016,1684
65400,22016,1686
65500,22528,1686
65600,22528,1686
65700,22528,1688
65800,22528,1688
65900,22528,1689
66000,22528,1692
66100,22528,1692
66200,22528,1692
66300,22528,1694
66400,22528,1694
66500,22528,1695
66600,22528,1697
66700,22528,1698
66800,22528,1698
66900,22528,1698
67000,22528,1698
67100,22528,1700
67200,22528,1702
67300,22528,1705
67400,22528,1706
67500,22528,1706
67600,22528,1708
67700,22528,1711
67800,22528,1713
67900,22528,1715
68000,22528,1717
68100,22528,1717
68200,22528,1717
68300,22528,1717
68400,22528,1719
68500,22528,1723
68600,22528,1724
68700,22528,1724
68800,22528,1727
68900,22528,1727
69000,22528,1728
69100,22528,1728
69200,22528,1730
69300,22528,1733
69400,22528,1733
69500,22528,1734
69600,22528,1739
69700,22528,1741
69800,22528,1743
69900,22528,1746
70000,22528,1746
70100,22528,1746
70200,23040,1749
70300,23040,1750
70400,23040,1752
70500,23040,1752
70600,23040,1752
70700,23040,1756
70800,23040,1758
70900,23552,1758
71000,23552,1758
71100,23552,1760
71200,23552,1760
71300,23552,1762
71400,23552,1765
71500,23552,1767
71600,23552,1770
71700,23552,1770
71800,23552,1773
71900,23552,1774
72000,23552,1774
72100,23552,1774
72200,23552,1776
72300,23552,1779
72400,23552,1781
72500,23552,1782
72600,23552,1784
72700,23552,1785
72800,23552,1785
72900,23552,1786
73000,23552,1787
73100,23552,1788
73200,23552,1792
73300,23552,1795
73400,23552,1797
73500,23552,1798
73600,23552,1798
73700,23552,1798
73800,23552,1798
73900,23552,1800
74000,23552,1801
74100,23552,1802
74200,23552,1802
74300,23552,1806
74400,23552,1806
74500,23552,1807
74600,23552,1809
74700,23552,1813
74800,23552,1815
74900,23552,1816
75000,23552,1819
75100,23552,1819
75200,23552,1819
75300,23552,1819
75400,23552,1825
75500,23552,1825
75600,23552,1825
75700,23552,1826
75800,24064,1829
75900,24064,1829
76000,24064,1830
76100,24064,1830
76200,24064,1831
76300,24064,1831
76400,24064,1835
76500,24576,1838
76600,24576,1841
76700,24576,1842
76800,24576,1843
76900,24576,1844
77000,24576,1845
77100,24576,1845
77200,24576,1847
77300,24576,1847
77400,24576,1847
77500,24576,1848
77600,24576,1848
77700,24576,1852
77800,24576,1855
77900,24576,1860
78000,24576,1861
78100,24576,1863
78200,24576,1863
78300,24576,1864
78400,24576,1867
78500,24576,1867
78600,24576,1871
78700,24576,1872
78800,24576,1872
78900,24576,1875
79000,24576,1878
79100,24576,1881
79200,24576,1881
79300,24576,1883
79400,24576,1885
79500,24576,1887
79600,24576,1889
79700,24576,1890
79800,24576,1890
79900,24576,1890
80000,24576,1890
80100,24576,1892
80200,24576,1892
80300,24576,1892
80400,24576,1892
80500,24576,1896
80600,24576,1899
80700,24576,1900
80800,24576,1900
80900,24576,1904
81000,24576,1905
81100,24576,1907
81200,25088,1908
81300,25088,1909
81400,25088,1909
81500,25088,1910
81600,25088,1915
81700,25088,1917
81800,25088,1920
81900,25088,1923
82000,25088,1925
82100,25088,1926
82200,25600,1928
82300,25600,1929
82400,25600,1930
82500,25600,1930
82600,25600,1932
82700,25600,1932
82800,25600,1934
82900,25600,1936
83000,25600,1936
83100,25600,1937
83200,25600,1937
83300,25600,1937
83400,25600,1940
83500,25600,1941
83600,25600,1941
83700,25600,1945
83800,25600,1947
83900,25600,1949
84000,25600,1951
84100,25600,1953
84200,25600,1953
84300,25600,1955
84400,25600,1955
84500,25600,1956
84600,25600,1958
84700,25600,1958
84800,25600,1960
84900,25600,1961
85000,25600,1961
85100,25600,1962
85200,25600,1963
85300,25600,1965
85400,25600,1966
85500,25600,1968
85600,25600,1973
85700,25600,1974
85800,25600,1975
85900,25600,1977
86000,25600,1977
86100,25600,1978
86200,25600,1979
86300,25600,1979
86400,25600,1979
86500,26112,1980
86600,26112,1981
86700,26112,1982
86800,26112,1984
86900,26112,1985
87000,26112,1987
87100,26112,1987
87200,26112,1987
87300,26112,1988
87400,26112,1989
87500,26624,1992
87600,26624,1993
87700,26624,1994
87800,26624,1995
87900,26624,1997
88000,26624,2000
88100,26624,2001
88200,26624,2003
88300,26624,2004
88400,26624,2004
88500,26624,2004
88600,26624,2007
88700,26624,2007
88800,26624,2007
88900,26624,2008
89000,26624,2009
89100,26624,2011
89200,26624,2016
89300,26624,2016
89400,26624,2018
89500,26624,2020
89600,26624,2023
89700,26624,2024
89800,26624,2025
89900,26624,2030
90000,26624,2030
90100,26624,2030
90200,26624,2032
90300,26624,2032
90400,26624,2032
90500,26624,2033
90600,26624,2033
90700,26624,2033
90800,26624,2036
90900,26624,2036
91000,26624,2036
91100,26624,2037
91200,26624,2038
91300,26624,2039
91400,26624,2040
91500,26624,2041
91600,26624,2044
91700,26624,2048
91800,26624,2048
91900,27136,2048
92000,27136,2050
92100,27136,2050
92200,27136,2050
92300,27136,2052
92400,27136,2052
92500,27136,2052
92600,27136,2053
92700,27136,2057
92800,27136,2059
92900,27648,2059
93000,27648,2063
93100,27648,2063
93200,27648,2063
93300,27648,2063
93400,27648,2069
93500,27648,2071
93600,27648,2071
93700,27648,2072
93800,27648,2075
93900,27648,2077
94000,27648,2078
94100,27648,2080
94200,27648,2081
94300,27648,2081
94400,27648,2081
94500,27648,2085
94600,27648,2087
94700,27648,2089
94800,27648,2091
94900,27648,2091
95000,27648,2091
95100,27648,2093
95200,27648,2094
95300,27648,2094
95400,27648,2095
95500,27648,2095
95600,27648,2099
95700,27648,2099
95800,27648,2103
95900,27648,2103
96000,27648,2103
96100,27648,2103
96200,27648,2104
96300,27648,2108
96400,27648,2110
96500,27648,2111
96600,27648,2114
96700,27648,2114
96800,27648,2114
96900,27648,2114
97000,27648,2117
97100,27648,2117
97200,28160,2118
97300,28160,2118
97400,28160,2119
97500,28160,2120
97600,28160,2124
97700,28160,2129
97800,28160,2131
97900,28160,2132
98000,28160,2132
98100,28160,2134
98200,28160,2135
98300,28160,2137
98400,28672,2137
98500,28672,2140
98600,28672,2140
98700,28672,2143
98800,28672,2143
98900,28672,2144
99000,28672,2144
99100,28672,2145
99200,28672,2148
99300,28672,2149
99400,28672,2150
99500,28672,2150
99600,28672,2150
99700,28672,2152
99800,28672,2154
99900,28672,2155
100000,28672,2158
100100,28672,2159
100200,28672,2162
100300,28672,2164
100400,28672,2169
100500,28672,2172
100600,28672,2173
100700,28672,2173
100800,28672,2173
100900,28672,2176
101000,28672,2176
101100,28672,2176
101200,28672,2177
101300,28672,2179
101400,28672,2180
101500,28672,2183
101600,28672,2183
101700,28672,2186
101800,28672,2188
101900,28672,2188
102000,28672,2188
102100,28672,2190
102200,28672,2192
102300,28672,2192
102400,28672,2193
102500,28672,2196
102600,28672,2197
102700,28672,2198
102800,28672,2202
102900,28672,2203
103000,29184,2205
103100,29184,2205
103200,29184,2206
103300,29184,2206
103400,29184,2206
103500,29184,2209
103600,29184,2210
103700,29184,2212
103800,29184,2213
103900,29696,2214
104000,29696,2215
104100,29696,2216
104200,29696,2218
104300,29696,2222
104400,29696,2224
104500,29696,2224
104600,29696,2226
104700,29696,2228
104800,29696,2228
104900,29696,2229
105000,29696,2229
105100,29696,2230
105200,29696,2231
105300,29696,2232
105400,29696,2233
105500,29696,2238
105600,29696,2238
105700,29696,2239
105800,29696,2241
105900,29696,2244
106000,29696,2244
106100,29696,2245
106200,29696,2245
106300,29696,2248
106400,29696,2249
106500,29696,2250
106600,29696,2250
106700,29696,2250
106800,29696,2250
106900,29696,2252
107000,29696,2253
107100,29696,2254
107200,29696,2257
107300,29696,2257
107400,29696,2257
107500,29696,2258
107600,29696,2262
107700,29696,2262
107800,29696,2264
107900,29696,2267
108000,29696,2268
108100,29696,2269
108200,29696,2270
108300,29696,2273
108400,29696,2274
108500,30208,2274
108600,30208,2275
108700,30208,2277
108800,30208,2278
108900,30208,2280
109000,30208,2280
109100,30208,2282
109200,30208,2285
109300,30208,2286
109400,30208,2287
109500,30208,2287
109600,30720,2289
109700,30720,2290
109800,30720,2294
109900,30720,2297
110000,30720,2299
110100,30720,2302
110200,30720,2305
110300,30720,2308
110400,30720,2308
110500,30720,2308
110600,30720,2309
110700,30720,2310
110800,30720,2310
110900,30720,2310
111000,30720,2311
111100,30720,2313
111200,30720,2314
111300,30720,2316
111400,30720,2318
111500,30720,2323
111600,30720,2326
111700,30720,2326
111800,30720,2326
111900,30720,2328
112000,30720,2330
112100,30720,2331
112200,30720,2332
112300,30720,2334
112400,30720,2335
112500,30720,2336
112600,30720,2339
112700,30720,2339
112800,30720,2340
112900,30720,2342
113000,30720,2344
113100,30720,2345
113200,30720,2346
113300,30720,2346
113400,30720,2346
113500,30720,2347
113600,30720,2348
113700,30720,2349
113800,30720,2351
113900,30720,2352
114000,30720,2354
114100,30720,2355
114200,30720,2355
114300,30720,2356
114400,30720,2357
114500,30720,2358
114600,31232,2359
114700,31232,2361
114800,31232,2361
114900,31232,2364
115000,31232,2368
115100,31232,2368
115200,31744,2369
115300,31744,2369
115400,31744,2371
115500,31744,2373
115600,31744,2374
115700,31744,2376
115800,31744,2381
115900,31744,2381
116000,31744,2383
116100,31744,2383
116200,31744,2383
116300,31744,2384
116400,31744,2385
116500,31744,2385
116600,31744,2388
116700,31744,2389
116800,31744,2389
116900,31744,2391
117000,31744,2392
117100,31744,2392
117200,31744,2395
117300,31744,2396
117400,31744,2398
117500,31744,2400
117600,31744,2402
117700,31744,2402
117800,31744,2404
117900,31744,2404
118000,31744,2405
118100,31744,2408
118200,31744,2411
118300,31744,2414
118400,31744,2415
118500,31744,2416
118600,31744,2416
118700,31744,2416
118800,31744,2416
118900,31744,2417
119000,31744,2418
119100,31744,2418
119200,31744,2420
119300,31744,2421
119400,31744,2426
119500,31744,2426
119600,31744,2428
119700,31744,2430
119800,31744,2433
119900,31744,2436
120000,31744,2436
120100,32256,2436
120200,32256,2436
120300,32256,2436
120400,32256,2437
120500,32256,2437
120600,32256,2437
120700,32256,2437
120800,32768,2439
120900,32768,2442
121000,32768,2447
121100,32768,2448
121200,32768,2451
121300,32768,2451
121400,32768,2453
121500,32768,2456
121600,32768,2457
121700,32768,2458
121800,32768,2459
121900,32768,2461
122000,32768,2461
122100,32768,2462
122200,32768,2462
122300,32768,2463
122400,32768,2463
122500,32768,2463
122600,32768,2466
122700,32768,2469
122800,32768,2474
122900,32768,2476
123000,32768,2476
123100,32768,2478
123200,32768,2479
123300,32768,2480
123400,32768,2480
123500,32768,2481
123600,32768,2482
123700,32768,2482
123800,32768,2486
123900,32768,2487
124000,32768,2487
124100,32768,2490
124200,32768,2492
124300,32768,2493
124400,32768,2493
124500,32768,2499
124600,32768,2499
124700,32768,2501
124800,32768,2501
124900,32768,2503
125000,32768,2507
125100,32768,2509
125200,32768,2510
125300,32768,2512
125400,32768,2514
125500,32768,2517
125600,32768,2517
125700,33280,2519
125800,33280,2519
125900,33280,2519
126000,33280,2520
126100,33280,2522
126200,33792,2522
126300,33792,2522
126400,33792,2522
126500,33792,2524
126600,33792,2527
126700,33792,2527
126800,33792,2528
126900,33792,2531
127000,33792,2533
127100,33792,2533
127200,33792,2535
127300,33792,2535
127400,33792,2535
127500,33792,2536
127600,33792,2539
127700,33792,2539
127800,33792,2539
127900,33792,2540
128000,33792,2541
128100,33792,2542
128200,33792,2542
128300,33792,2544
128400,33792,2546
128500,33792,2546
128600,33792,2549
128700,33792,2550
128800,33792,2551
128900,33792,2552
129000,33792,2553
129100,33792,2556
129200,33792,2558
129300,33792,2559
129400,33792,2563
129500,33792,2564
129600,33792,2564
129700,33792,2564
129800,33792,2566
129900,33792,2566
130000,33792,2566
130100,33792,2566
130200,33792,2568
130300,33792,2569
130400,33792,2570
130500,33792,2572
130600,33792,2574
130700,33792,2576
130800,33792,2578
130900,33792,2579
131000,33792,2581
131100,33792,2581
131200,33792,2583
131300,34304,2584
131400,34304,2585
131500,34304,2585
131600,34304,2587
131700,34304,2588
131800,34816,2588
131900,34816,2591
132000,34816,2594
132100,34816,2595
132200,34816,2597
132300,34816,2597
132400,34816,2600
132500,34816,2602
132600,34816,2602
132700,34816,2604
132800,34816,2605
132900,34816,2605
133000,34816,2605
133100,34816,2608
133200,34816,2611
133300,34816,2612
133400,34816,2613
133500,34816,2613
133600,34816,2614
133700,34816,2615
133800,34816,2615
133900,34816,2617
134000,34816,2618
134100,34816,2618
134200,34816,2624
134300,34816,2627
134400,34816,2628
134500,34816,2631
134600,34816,2632
134700,34816,2633
134800,34816,2634
134900,34816,2634
135000,34816,2636
135100,34816,2636
135200,34816,2636
135300,34816,2636
135400,34816,2639
135500,34816,2641
135600,34816,2641
135700,34816,2645
135800,34816,2645
135900,34816,2648
136000,34816,2648
136100,34816,2650
136200,34816,2650
136300,34816,2650
136400,34816,2651
136500,34816,2653
136600,34816,2656
136700,34816,2657
136800,34816,2661
136900,35328,2663
137000,35328,2664
137100,35328,2664
137200,35840,2665
137300,35840,2668
137400,35840,2669
137500,35840,2669
137600,35840,2670
137700,35840,2671
137800,35840,2671
137900,35840,2671
138000,35840,2673
138100,35840,2674
138200,35840,2676
138300,35840,2677
138400,35840,2678
138500,35840,2680
138600,35840,2683
138700,35840,2685
138800,35840,2687
138900,35840,2687
139000,35840,2687
139100,35840,2688
139200,35840,2693
139300,35840,2694
139400,35840,2695
139500,35840,2695
139600,35840,2698
139700,35840,2699
139800,35840,2702
139900,35840,2706
140000,35840,2707
140100,35840,2707
140200,35840,2708
140300,35840,2709
140400,35840,2712
140500,35840,2712
140600,35840,2716
140700,35840,2717
140800,35840,2718
140900,35840,2719
141000,35840,2719
141100,35840,2725
141200,35840,2729
141300,35840,2730
141400,35840,2730
141500,35840,2731
141600,35840,2731
141700,35840,2731
141800,35840,2731
141900,35840,2734
142000,35840,2736
142100,35840,2738
142200,35840,2738
142300,35840,2741
142400,36352,2741
142500,36352,2745
142600,36864,2746
142700,36864,2748
142800,36864,2750
142900,36864,2751
143000,36864,2755
143100,36864,2755
143200,36864,2757
143300,36864,2758
143400,36864,2758
143500,36864,2760
143600,36864,2760
143700,36864,2761
143800,36864,2765
143900,36864,2766
144000,36864,2767
144100,36864,2768
144200,36864,2770
144300,36864,2771
144400,36864,2772
144500,36864,2773
144600,36864,2773
144700,36864,2774
144800,36864,2774
144900,36864,2777
145000,36864,2781
145100,36864,2784
145200,36864,2784
145300,36864,2787
145400,36864,2788
145500,36864,2790
145600,36864,2791
145700,36864,2791
145800,36864,2791
145900,36864,2791
146000,36864,2793
146100,36864,2794
146200,36864,2797
146300,36864,2800
146400,36864,2805
146500,36864,2807
146600,36864,2807
146700,36864,2807
146800,36864,2807
146900,36864,2808
147000,36864,2808
147100,36864,2809
147200,36864,2810
147300,36864,2810
147400,36864,2811
147500,36864,2815
147600,36864,2815
147700,36864,2817
147800,37376,2818
147900,37376,2818
148000,37376,2821
148100,37888,2822
148200,37888,2823
148300,37888,2823
148400,37888,2823
148500,37888,2823
148600,37888,2824
148700,37888,2826
148800,37888,2826
148900,37888,2827
149000,37888,2828
149100,37888,2828
149200,37888,2830
149300,37888,2833
149400,37888,2834
149500,37888,2834
149600,37888,2835
149700,37888,2837
149800,37888,2840
149900,37888,2841
150000,37888,2841
150100,37888,2841
150200,37888,2842
150300,37888,2844
150400,37888,2845
150500,37888,2848
150600,37888,2849
150700,37888,2849
150800,37888,2849
150900,37888,2850
151000,37888,2851
151100,37888,2852
151200,37888,2853
151300,37888,2853
151400,37888,2853
151500,37888,2854
151600,37888,2855
151700,37888,2860
151800,37888,2860
151900,37888,2865
152000,37888,2866
152100,37888,2867
152200,37888,2867
152300,37888,2870
152400,37888,2870
152500,37888,2870
152600,37888,2871
152700,37888,2873
152800,37888,2875
152900,37888,2876
153000,37888,2879
153100,38400,2881
153200,38400,2883
153300,38400,2885
153400,38400,2888
153500,38400,2888
153600,38400,2891
153700,38912,2892
153800,38912,2893
153900,38912,2895
154000,38912,2895
154100,38912,2895
154200,38912,2898
154300,38912,2901
154400,38912,2903
154500,38912,2904
154600,38912,2906
154700,38912,2908
154800,38912,2908
154900,38912,2909
155000,38912,2913
155100,38912,2913
155200,38912,2913
155300,38912,2915
155400,38912,2917
155500,38912,2917
155600,38912,2918
155700,38912,2919
155800,38912,2923
155900,38912,2924
156000,38912,2925
156100,38912,2926
156200,38912,2927
156300,38912,2927
156400,38912,2928
156500,38912,2929
156600,38912,2931
156700,38912,2932
156800,38912,2934
156900,38912,2935
157000,38912,2936
157100,38912,2938
157200,38912,2938
157300,38912,2938
157400,38912,2941
157500,38912,2941
157600,38912,2943
157700,38912,2943
157800,38912,2946
157900,38912,2948
158000,38912,2951
158100,38912,2953
158200,38912,2954
158300,38912,2955
158400,38912,2955
158500,39424,2956
158600,39424,2958
158700,39424,2958
158800,39424,2960
158900,39424,2960
159000,39936,2961
159100,39936,2962
159200,39936,2962
159300,39936,2962
159400,39936,2964
159500,39936,2967
159600,39936,2968
159700,39936,2971
159800,39936,2971
159900,39936,2972
160000,39936,2973
160100,39936,2975
160200,39936,2976
160300,39936,2977
160400,39936,2978
160500,39936,2980
160600,39936,2983
160700,39936,2984
160800,39936,2985
160900,39936,2985
161000,39936,2987
161100,39936,2987
161200,39936,2987
161300,39936,2988
161400,39936,2990
161500,39936,2991
161600,39936,2991
161700,39936,2993
161800,39936,2993
161900,39936,2993
162000,39936,2995
162100,39936,2996
162200,39936,2998
162300,39936,3002
162400,39936,3002
162500,39936,3002
162600,39936,3002
162700,39936,3005
162800,39936,3008
162900,39936,3009
163000,39936,3011
163100,39936,3013
163200,39936,3015
163300,39936,3015
163400,39936,3016
163500,39936,3017
163600,39936,3017
163700,39936,3018
163800,39936,3018
163900,39936,3021
164000,39936,3025
164100,39936,3025
164200,39936,3026
164300,40448,3026
164400,40448,3027
164500,40960,3027
164600,40960,3027
164700,40960,3029
164800,40960,3032
164900,40960,3034
165000,40960,3037
165100,40960,3040
165200,40960,3040
165300,40960,3040
165400,40960,3042
165500,40960,3043
165600,40960,3044
165700,40960,3044
165800,40960,3045
165900,40960,3047
166000,40960,3048
166100,40960,3050
166200,40960,3051
166300,40960,3053
166400,40960,3054
166500,40960,3055
166600,40960,3057
166700,40960,3061
166800,40960,3062
166900,40960,3063
167000,40960,3064
167100,40960,3065
167200,40960,3067
167300,40960,3067
167400,40960,3068
167500,40960,3068
167600,40960,3072
167700,40960,3074
167800,40960,3076
167900,40960,3080
168000,40960,3081
168100,40960,3084
168200,40960,3085
168300,40960,3085
168400,40960,3089
168500,40960,3089
168600,40960,3091
168700,40960,3091
168800,40960,3092
168900,40960,3093
169000,40960,3094
169100,40960,3094
169200,40960,3095
169300,40960,3098
169400,40960,3099
169500,40960,3099
169600,40960,3103
169700,40960,3106
169800,40960,3107
169900,41472,3108
170000,41984,3109
170100,41984,3111
170200,41984,3112
170300,41984,3113
170400,41984,3114
170500,41984,3116
170600,41984,3117
170700,41984,3120
170800,41984,3122
170900,41984,3123
171000,41984,3124
171100,41984,3127
171200,41984,3128
171300,41984,3129
171400,41984,3129
171500,41984,3133
171600,41984,3134
171700,41984,3135
171800,41984,3135
171900,41984,3138
172000,41984,3139
172100,41984,3142
172200,41984,3145
172300,41984,3146
172400,41984,3148
172500,41984,3148
172600,41984,3149
172700,41984,3149
172800,41984,3151
172900,41984,3151
173000,41984,3154
173100,41984,3156
173200,41984,3159
173300,41984,3159
173400,41984,3159
173500,41984,3160
173600,41984,3160
173700,41984,3160
173800,41984,3162
173900,41984,3162
174000,41984,3165
174100,41984,3168
174200,41984,3170
174300,41984,3172
174400,41984,3175
174500,41984,3175
174600,41984,3175
174700,41984,3176
174800,41984,3178
174900,41984,3178
175000,41984,3178
175100,41984,3178
175200,41984,3180
175300,41984,3182
175400,41984,3184
175500,42496,3186
175600,42496,3187
175700,42496,3188
175800,43008,3188
175900,43008,3189
176000,43008,3191
176100,43008,3195
176200,43008,3196
176300,43008,3197
176400,43008,3198
176500,43008,3202
176600,43008,3202
176700,43008,3203
176800,43008,3203
176900,43008,3205
177000,43008,3205
177100,43008,3205
177200,43008,3205
177300,43008,3208
177400,43008,3209
177500,43008,3210
177600,43008,3213
177700,43008,3214
177800,43008,3215
177900,43008,3217
178000,43008,3218
178100,43008,3219
178200,43008,3224
178300,43008,3227
178400,43008,3227
178500,43008,3228
178600,43008,3228
178700,43008,3230
178800,43008,3231
178900,43008,3231
179000,43008,3233
179100,43008,3233
179200,43008,3234
179300,43008,3236
179400,43008,3239
179500,43008,3240
179600,43008,3243
179700,43008,3245
179800,43008,3245
179900,43008,3246
180000,43008,3247
180100,43008,3248
180200,43008,3248
180300,43008,3248
180400,43008,3249
180500,43008,3249
180600,43008,3249
180700,43008,3253
180800,43008,3256
180900,43008,3257
181000,43520,3258
181100,43520,3260
181200,44032,3261
181300,44032,3261
181400,44032,3263
181500,44032,3264
181600,44032,3264
181700,44032,3266
181800,44032,3268
181900,44032,3269
182000,44032,3269
182100,44032,3269
182200,44032,3271
182300,44032,3271
182400,44032,3273
182500,44032,3278
182600,44032,3284
182700,44032,3284
182800,44032,3285
182900,44032,3286
183000,44032,3286
183100,44032,3287
183200,44032,3287
183300,44032,3288
183400,44032,3288
183500,44032,3289
183600,44032,3291
183700,44032,3293
183800,44032,3294
183900,44032,3298
184000,44032,3301
184100,44032,3301
184200,44032,3303
184300,44032,3304
184400,44032,3308
184500,44032,3311
184600,44032,3314
184700,44032,3315
184800,44032,3317
184900,44032,3319
185000,44032,3320
185100,44032,3321
185200,44032,3322
185300,44032,3323
185400,44032,3324
185500,44032,3327
185600,44032,3329
185700,44032,3331
185800,44032,3331
185900,44032,3332
186000,44032,3334
186100,44032,3339
186200,44032,3341
186300,44032,3342
186400,44032,3342
186500,45056,3343
186600,45056,3345
186700,45056,3349
186800,45056,3349
186900,45056,3349
187000,45056,3349
187100,45056,3349
187200,45056,3351
187300,45056,3355
187400,45056,3357
187500,45056,3359
187600,45056,3360
187700,45056,3361
187800,45056,3362
187900,45056,3365
188000,45056,3365
188100,45056,3369
188200,45056,3369
188300,45056,3370
188400,45056,3375
188500,45056,3375
188600,45056,3376
188700,45056,3378
188800,45056,3379
188900,45056,3379
189000,45056,3380
189100,45056,3381
189200,45056,3383
189300,45056,3385
189400,45056,3388
189500,45056,3389
189600,45056,3394
189700,45056,3397
189800,45056,3398
189900,45056,3399
190000,45056,3399
190100,45056,3399
190200,45056,3399
190300,45056,3399
190400,45056,3402
190500,45056,3406
190600,45056,3409
190700,45056,3409
190800,45056,3410
190900,45056,3412
191000,45056,3413
191100,45056,3413
191200,45056,3413
191300,45056,3413
191400,45056,3415
191500,45056,3416
191600,45056,3417
191700,45056,3418
191800,45056,3419
191900,45056,3420
192000,45568,3422
192100,45568,3423
192200,46080,3426
192300,46080,3427
192400,46080,3430
192500,46080,3435
192600,46080,3436
192700,46080,3437
192800,46080,3437
192900,46080,3437
193000,46080,3438
193100,46080,3439
193200,46080,3440
193300,46080,3441
193400,46080,3442
193500,46080,3442
193600,46080,3445
193700,46080,3447
193800,46080,3447
193900,46080,3449
194000,46080,3450
194100,46080,3451
194200,46080,3454
194300,46080,3455
194400,46080,3456
194500,46080,3457
194600,46080,3458
194700,46080,3459
194800,46080,3462
194900,46080,3464
195000,46080,3464
195100,46080,3465
195200,46080,3465
195300,46080,3466
195400,46080,3469
195500,46080,3469
195600,46080,3472
195700,46080,3473
195800,46080,3473
195900,46080,3474
196000,46080,3477
196100,46080,3478
196200,46080,3478
196300,46080,3478
196400,46080,3478
196500,46080,3480
196600,46080,3483
196700,46080,3483
196800,46080,3483
196900,46080,3486
197000,46080,3487
197100,46080,3489
197200,46080,3491
197300,46080,3493
197400,46592,3495
197500,46592,3496
197600,47104,3498
197700,47104,3498
197800,47104,3499
197900,47104,3500
198000,47104,3501
198100,47104,3502
198200,47104,3503
198300,47104,3503
198400,47104,3504
198500,47104,3504
198600,47104,3505
198700,47104,3507
198800,47104,3509
198900,47104,3511
199000,47104,3513
199100,47104,3515
199200,47104,3515
199300,47104,3515
199400,47104,3515
199500,47104,3517
199600,47104,3518
199700,47104,3519
199800,47104,3520
199900,47104,3521
200000,47104,3522
200100,47104,3523
200200,47104,3526
200300,47104,3527
200400,47104,3527
200500,47104,3528
200600,47104,3530
200700,47104,3532
200800,47104,3534
200900,47104,3534
201000,47104,3537
201100,47104,3538
201200,47104,3538
201300,47104,3543
201400,47104,3545
201500,47104,3545
201600,47104,3546
201700,47104,3548
201800,47104,3549
201900,47104,3552
202000,47104,3553
202100,47104,3553
202200,47104,3554
202300,47104,3555
202400,47104,3556
202500,47104,3557
202600,47104,3558
202700,47104,3558
202800,47104,3559
202900,47104,3560
203000,47104,3563
203100,47104,3569
203200,48128,3571
203300,48128,3572
203400,48128,3572
203500,48128,3574
203600,48128,3574
203700,48128,3574
203800,48128,3575
203900,48128,3575
204000,48128,3579
204100,48128,3581
204200,48128,3582
204300,48128,3586
204400,48128,3588
204500,48128,3590
204600,48128,3590
204700,48128,3591
204800,48128,3591
204900,48128,3591
205000,48128,3591
205100,48128,3592
205200,48128,3592
205300,48128,3592
205400,48128,3593
205500,48128,3596
205600,48128,3598
205700,48128,3601
205800,48128,3601
205900,48128,3604
206000,48128,3605
206100,48128,3605
206200,48128,3605
206300,48128,3606
206400,48128,3607
206500,48128,3610
206600,48128,3611
206700,48128,3613
206800,48128,3614
206900,48128,3614
207000,48128,3614
207100,48128,3614
207200,48128,3618
207300,48128,3620
207400,48128,3620
207500,48128,3622
207600,48128,3622
207700,48128,3624
207800,48128,3625
207900,48128,3626
208000,48128,3627
208100,48128,3627
208200,48128,3629
208300,48128,3632
208400,48128,3634
208500,48128,3637
208600,48128,3639
208700,48128,3640
208800,49152,3642
208900,49152,3642
209000,49152,3642
209100,49152,3642
209200,49152,3643
209300,49152,3644
209400,49152,3646
209500,49152,3647
209600,49152,3648
209700,49152,3654
209800,49152,3654
209900,49152,3657
210000,49152,3659
210100,49152,3659
210200,49152,3659
210300,49152,3660
210400,49152,3661
210500,49152,3662
210600,49152,3663
210700,49152,3664
210800,49152,3670
210900,49152,3670
211000,49152,3671
211100,49152,3671
211200,49152,3674
211300,49152,3675
211400,49152,3676
211500,49152,3680
211600,49152,3681
211700,49152,3683
211800,49152,3684
211900,49152,3684
212000,49152,3684
212100,49152,3685
212200,49152,3687
212300,49152,3688
212400,49152,3690
212500,49152,3690
212600,49152,3691
212700,49152,3693
212800,49152,3694
212900,49152,3694
213000,49152,3696
213100,49152,3697
213200,49152,3699
213300,49152,3705
213400,49152,3705
213500,49152,3707
213600,49152,3707
213700,49152,3707
213800,49152,3707
213900,49152,3707
214000,49152,3711
214100,49152,3716
214200,49664,3720
214300,50176,3722
214400,50176,3723
214500,50176,3723
214600,50176,3724
214700,50176,3724
214800,50176,3724
214900,50176,3726
215000,50176,3729
215100,50176,3729
215200,50176,3731
215300,50176,3731
215400,50176,3732
215500,50176,3732
215600,50176,3733
215700,50176,3736
215800,50176,3736
215900,50176,3737
216000,50176,3738
216100,50176,3741
216200,50176,3743
216300,50176,3744
216400,50176,3746
216500,50176,3746
216600,50176,3748
216700,50176,3749
216800,50176,3753
216900,50176,3754
217000,50176,3756
217100,50176,3756
217200,50176,3757
217300,50176,3760
217400,50176,3762
217500,50176,3764
217600,50176,3764
217700,50176,3765
217800,50176,3767
217900,50176,3769
218000,50176,3771
218100,50176,3773
218200,50176,3773
218300,50176,3774
218400,50176,3774
218500,50176,3774
218600,50176,3776
218700,50176,3777
218800,50176,3781
218900,50176,3782
219000,50176,3782
219100,50176,3782
219200,50176,3784
219300,50176,3786
219400,50176,3787
219500,50176,3790
219600,50176,3790
219700,51200,3792
219800,51200,3792
219900,51200,3793
220000,51200,3794
220100,51200,3794
220200,51200,3794
220300,51200,3795
220400,51200,3795
220500,51200,3797
220600,51200,3802
220700,51200,3805
220800,51200,3807
220900,51200,3807
221000,51200,3808
221100,51200,3808
221200,51200,3809
221300,51200,3811
221400,51200,3812
221500,51200,3813
221600,51200,3813
221700,51200,3816
221800,51200,3818
221900,51200,3818
222000,51200,3819
222100,51200,3820
222200,51200,3820
222300,51200,3820
222400,51200,3821
222500,51200,3825
222600,51200,3825
222700,51200,3825
222800,51200,3825
222900,51200,3828
223000,51200,3828
223100,51200,3829
223200,51200,3831
223300,51200,3834
223400,51200,3835
223500,51200,3839
223600,51200,3841
223700,51200,3842
223800,51200,3843
223900,51200,3843
224000,51200,3843
224100,51200,3844
224200,51200,3844
224300,51200,3845
224400,51200,3846
224500,51200,3848
224600,51200,3849
224700,51200,3855
224800,51200,3855
224900,51200,3858
225000,51200,3858
225100,51200,3859
225200,51712,3859
225300,51712,3861
225400,52224,3863
225500,52224,3866
225600,52224,3867
225700,52224,3867
225800,52224,3867
225900,52224,3869
226000,52224,3869
226100,52224,3869
226200,52224,3871
226300,52224,3873
226400,52224,3874
226500,52224,3878
226600,52224,3878
226700,52224,3879
226800,52224,3880
226900,52224,3881
227000,52224,3881
227100,52224,3882
227200,52224,3882
227300,52224,3886
227400,52224,3889
227500,52224,3889
227600,52224,3889
227700,52224,3891
227800,52224,3891
227900,52224,3891
228000,52224,3895
228100,52224,3898
228200,52224,3901
228300,52224,3902
228400,52224,3903
228500,52224,3905
228600,52224,3906
228700,52224,3906
228800,52224,3909
228900,52224,3910
229000,52224,3910
229100,52224,3911
229200,52224,3915
229300,52224,3915
229400,52224,3920
229500,52224,3921
229600,52224,3922
229700,52224,3924
229800,52224,3927
229900,52224,3927
230000,52224,3927
230100,52224,3928
230200,52224,3931
230300,52224,3931
230400,52224,3933
230500,52224,3934
230600,52224,3939
230700,52736,3940
230800,52736,3941
230900,53248,3941
231000,53248,3942
231100,53248,3944
231200,53248,3944
231300,53248,3948
231400,53248,3952
231500,53248,3952
231600,53248,3955
231700,53248,3957
231800,53248,3958
231900,53248,3960
232000,53248,3960
232100,53248,3961
232200,53248,3963
232300,53248,3964
232400,53248,3969
232500,53248,3969
232600,53248,3969
232700,53248,3971
232800,53248,3973
232900,53248,3973
233000,53248,3974
233100,53248,3977
233200,53248,3978
233300,53248,3978
233400,53248,3981
233500,53248,3982
233600,53248,3982
233700,53248,3985
233800,53248,3985
233900,53248,3987
234000,53248,3990
234100,53248,3992
234200,53248,3995
234300,53248,3996
234400,53248,3996
234500,53248,3996
234600,53248,3996
234700,53248,3998
234800,53248,4000
234900,53248,4000
235000,53248,4002
235100,53248,4004
235200,53248,4006
235300,53248,4009
235400,53248,4009
235500,53248,4010
235600,53248,4010
235700,53248,4010
235800,53248,4010
235900,53248,4010
236000,53248,4012
236100,53760,4012
236200,54272,4014
236300,54272,4016
236400,54272,4017
236500,54272,4019
236600,54272,4019
236700,54272,4025
236800,54272,4025
236900,54272,4025
237000,54272,4025
237100,54272,4025
237200,54272,4026
237300,54272,4028
237400,54272,4031
237500,54272,4031
237600,54272,4032
237700,54272,4035
237800,54272,4035
237900,54272,4037
238000,54272,4041
238100,54272,4041
238200,54272,4041
238300,54272,4041
238400,54272,4045
238500,54272,4048
238600,54272,4051
238700,54272,4052
238800,54272,4052
238900,54272,4052
239000,54272,4054
239100,54272,4056
239200,54272,4057
239300,54272,4059
239400,54272,4060
239500,54272,4060
239600,54272,4062
239700,54272,4062
239800,54272,4065
239900,54272,4068
240000,54272,4068
240100,54272,4068
240200,54272,4069
240300,54272,4073
240400,54272,4074
240500,54272,4075
240600,54272,4076
240700,54272,4077
240800,54272,4080
240900,54272,4081
241000,54272,4083
241100,54272,4084
241200,54272,4085
241300,54272,4087
241400,54272,4088
241500,54272,4088
241600,54784,4088
241700,55296,4089
241800,55296,4090
241900,55296,4090
242000,55296,4091
242100,55296,4091
242200,55296,4098
242300,55296,4101
242400,55296,4104
242500,55296,4105
242600,55296,4106
242700,55296,4106
242800,55296,4106
242900,55296,4107
243000,55296,4108
243100,55296,4108
243200,55296,4110
243300,55296,4110
243400,55296,4113
243500,55296,4113
243600,55296,4116
243700,55296,4117
243800,55296,4118
243900,55296,4119
244000,55296,4121
244100,55296,4123
244200,55296,4123
244300,55296,4124
244400,55296,4125
244500,55296,4127
244600,55296,4129
244700,55296,4130
244800,55296,4133
244900,55296,4133
245000,55296,4133
245100,55296,4135
245200,55296,4137
245300,55296,4137
245400,55296,4139
245500,55296,4141
245600,55296,4143
245700,55296,4145
245800,55296,4145
245900,55296,4146
246000,55296,4146
246100,55296,4149
246200,55296,4151
246300,55296,4152
246400,55296,4153
246500,55296,4155
246600,55296,4157
246700,55296,4159
246800,55296,4159
246900,55296,4161
247000,55296,4163
247100,55296,4166
247200,55296,4166
247300,55296,4169
247400,55296,4170
247500,55808,4173
247600,56320,4174
247700,56320,4174
247800,56320,4175
247900,56320,4176
248000,56320,4177
248100,56320,4179
248200,56320,4182
248300,56320,4183
248400,56320,4183
248500,56320,4183
248600,56320,4185
248700,56320,4185
248800,56320,4188
248900,56320,4189
249000,56320,4190
249100,56320,4191
249200,56320,4191
249300,56320,4195
249400,56320,4195
249500,56320,4196
249600,56320,4196
249700,56320,4197
249800,56320,4198
249900,56320,4200
250000,56320,4203
250100,56320,4206
250200,56320,4206
250300,56320,4207
250400,56320,4207
250500,56320,4209
250600,56320,4209
250700,56320,4212
250800,56320,4214
250900,56320,4215
251000,56320,4216
251100,56320,4218
251200,56320,4221
251300,56320,4221
251400,56320,4221
251500,56320,4223
251600,56320,4226
251700,56320,4229
251800,56320,4229
251900,56320,4230
252000,56320,4232
252100,56320,4232
252200,56320,4233
252300,56320,4237
252400,56320,4238
252500,56320,4239
252600,56320,4242
252700,56320,4244
252800,56320,4245
252900,56320,4246
253000,56320,4247
253100,56832,4247
253200,56832,4249
253300,57344,4249
253400,57344,4249
253500,57344,4249
253600,57344,4252
253700,57344,4252
253800,57344,4255
253900,57344,4257
254000,57344,4260
254100,57344,4261
254200,57344,4263
254300,57344,4264
254400,57344,4264
254500,57344,4265
254600,57344,4265
254700,57344,4266
254800,57344,4268
254900,57344,4270
255000,57344,4272
255100,57344,4272
255200,57344,4274
255300,57344,4275
255400,57344,4276
255500,57344,4279
255600,57344,4279
255700,57344,4279
255800,57344,4279
255900,57344,4281
256000,57344,4284
256100,57344,4284
256200,57344,4284
256300,57344,4286
256400,57344,4287
256500,57344,4287
256600,57344,4287
256700,57344,4289
256800,57344,4290
256900,57344,4291
257000,57344,4293
257100,57344,4295
257200,57344,4295
257300,57344,4297
257400,57344,4298
257500,57344,4299
257600,57344,4299
257700,57344,4299
257800,57344,4302
257900,57344,4303
258000,57344,4304
258100,57344,4306
258200,57344,4307
258300,57344,4308
258400,57344,4310
258500,57344,4312
258600,57344,4315
258700,57344,4317
258800,57856,4318
258900,58368,4321
259000,58368,4322
259100,58368,4324
259200,58368,4326
259300,58368,4328
259400,58368,4328
259500,58368,4329
259600,58368,4330
259700,58368,4334
259800,58368,4334
259900,58368,4335
260000,58368,4335
260100,58368,4335
260200,58368,4336
260300,58368,4337
260400,58368,4339
260500,58368,4342
260600,58368,4343
260700,58368,4343
260800,58368,4344
260900,58368,4345
261000,58368,4347
261100,58368,4349
261200,58368,4352
261300,58368,4355
261400,58368,4355
261500,58368,4357
261600,58368,4358
261700,58368,4358
261800,58368,4360
261900,58368,4360
262000,58368,4364
262100,58368,4368
262200,58368,4368
262300,58368,4369
262400,58368,4370
262500,58368,4371
262600,58368,4374
262700,58368,4377
262800,58368,4379
262900,58368,4380
263000,58368,4381
263100,58368,4382
263200,58368,4385
263300,58368,4385
263400,58368,4387
263500,58368,4389
263600,58368,4389
263700,58368,4390
263800,58368,4392
263900,58368,4394
264000,58368,4399
264100,58368,4400
264200,58368,4400
264300,58880,4400
264400,58880,4401
264500,59392,4401
264600,59392,4403
264700,59392,4403
264800,59392,4403
264900,59392,4403
265000,59392,4405
265100,59392,4406
265200,59392,4410
265300,59392,4412
265400,59392,4412
265500,59392,4413
265600,59392,4415
265700,59392,4420
265800,59392,4424
265900,59392,4426
266000,59392,4426
266100,59392,4427
266200,59392,4428
266300,59392,4429
266400,59392,4429
266500,59392,4429
266600,59392,4430
266700,59392,4430
266800,59392,4431
266900,59392,4433
267000,59392,4435
267100,59392,4437
267200,59392,4437
267300,59392,4437
267400,59392,4439
267500,59392,4441
267600,59392,4444
267700,59392,4445
267800,59392,4446
267900,59392,4447
268000,59392,4449
268100,59392,4452
268200,59392,4454
268300,59392,4454
268400,59392,4455
268500,59392,4457
268600,59392,4459
268700,59392,4462
268800,59392,4462
268900,59392,4463
269000,59392,4464
269100,59392,4464
269200,59392,4464
269300,59392,4467
269400,59392,4469
269500,59392,4472
269600,59392,4473
269700,59392,4475
269800,59392,4476
269900,59392,4476
270000,59392,4477
270100,60416,4479
270200,60416,4482
270300,60416,4485
270400,60416,4487
270500,60416,4489
270600,60416,4490
270700,60416,4491
270800,60416,4492
270900,60416,4494
271000,60416,4496
271100,60416,4498
271200,60416,4499
271300,60416,4499
271400,60416,4499
271500,60416,4500
271600,60416,4501
271700,60416,4502
271800,60416,4502
271900,60416,4504
272000,60416,4505
272100,60416,4507
272200,60416,4508
272300,60416,4513
272400,60416,4513
272500,60416,4513
272600,60416,4514
272700,60416,4515
272800,60416,4517
272900,60416,4518
273000,60416,4519
273100,60416,4519
273200,60416,4521
273300,60416,4523
273400,60416,4524
273500,60416,4525
273600,60416,4525
273700,60416,4527
273800,60416,4528
273900,60416,4529
274000,60416,4532
274100,60416,4532
274200,60416,4534
274300,60416,4534
274400,60416,4535
274500,60416,4536
274600,60416,4539
274700,60416,4541
274800,60416,4541
274900,60416,4541
275000,60416,4542
275100,60416,4545
275200,60416,4547
275300,60416,4547
275400,60416,4551
275500,60416,4552
275600,60416,4553
275700,60416,4555
275800,61440,4556
275900,61440,4557
276000,61440,4558
276100,61440,4558
276200,61440,4560
276300,61440,4563
276400,61440,4568
276500,61440,4569
276600,61440,4570
276700,61440,4571
276800,61440,4571
276900,61440,4571
277000,61440,4572
277100,61440,4575
277200,61440,4575
277300,61440,4576
277400,61440,4576
277500,61440,4578
277600,61440,4582
277700,61440,4584
277800,61440,4586
277900,61440,4587
278000,61440,4589
278100,61440,4592
278200,61440,4595
278300,61440,4597
278400,61440,4597
278500,61440,4597
278600,61440,4598
278700,61440,4598
278800,61440,4599
278900,61440,4600
279000,61440,4602
279100,61440,4604
279200,61440,4604
279300,61440,4607
279400,61440,4609
279500,61440,4610
279600,61440,4611
279700,61440,4611
279800,61440,4613
279900,61440,4615
280000,61440,4619
280100,61440,4619
280200,61440,4620
280300,61440,4622
280400,61440,4622
280500,61440,4624
280600,61440,4625
280700,61440,4627
280800,61440,4629
280900,61440,4630
281000,61440,4630
281100,61440,4631
281200,61440,4631
281300,61952,4633
281400,62464,4634
281500,62464,4634
281600,62464,4635
281700,62464,4636
281800,62464,4636
281900,62464,4636
282000,62464,4642
282100,62464,4644
282200,62464,4645
282300,62464,4647
282400,62464,4647
282500,62464,4647
282600,62464,4648
282700,62464,4650
282800,62464,4650
282900,62464,4652
283000,62464,4653
283100,62464,4654
283200,62464,4656
283300,62464,4656
283400,62464,4657
283500,62464,4661
283600,62464,4661
283700,62464,4661
283800,62464,4663
283900,62464,4663
284000,62464,4664
284100,62464,4665
284200,62464,4666
284300,62464,4667
284400,62464,4667
284500,62464,4667
284600,62464,4668
284700,62464,4669
284800,62464,4674
284900,62464,4677
285000,62464,4679
285100,62464,4680
285200,62464,4680
285300,62464,4682
285400,62464,4683
285500,62464,4687
285600,62464,4691
285700,62464,4692
285800,62464,4694
285900,62464,4696
286000,62464,4696
286100,62464,4697
286200,62464,4697
286300,62464,4699
286400,62464,4702
286500,62464,4702
286600,62464,4704
286700,62976,4705
286800,62976,4705
286900,62976,4706
287000,63488,4706
287100,63488,4707
287200,63488,4709
287300,63488,4709
287400,63488,4710
287500,63488,4713
287600,63488,4716
287700,63488,4720
287800,63488,4721
287900,63488,4721
288000,63488,4722
288100,63488,4723
288200,63488,4724
288300,63488,4725
288400,63488,4725
288500,63488,4726
288600,63488,4727
288700,63488,4730
288800,63488,4730
288900,63488,4731
289000,63488,4731
289100,63488,4734
289200,63488,4734
289300,63488,4736
289400,63488,4739
289500,63488,4739
289600,63488,4740
289700,63488,4740
289800,63488,4743
289900,63488,4744
290000,63488,4745
290100,63488,4746
290200,63488,4747
290300,63488,4749
290400,63488,4751
290500,63488,4752
290600,63488,4752
290700,63488,4754
290800,63488,4754
290900,63488,4755
291000,63488,4757
291100,63488,4757
291200,63488,4759
291300,63488,4760
291400,63488,4760
291500,63488,4762
291600,63488,4769
291700,63488,4771
291800,63488,4772
291900,63488,4775
292000,63488,4776
292100,63488,4776
292200,63488,4777
292300,63488,4781
292400,63488,4782
292500,64000,4782
292600,64512,4782
292700,64512,4784
292800,64512,4785
292900,64512,4787
293000,64512,4789
293100,64512,4793
293200,64512,4793
293300,64512,4795
293400,64512,4797
293500,64512,4798
293600,64512,4800
293700,64512,4802
293800,64512,4803
293900,64512,4803
294000,64512,4804
294100,64512,4806
294200,64512,4807
294300,64512,4807
294400,64512,4807
294500,64512,4808
294600,64512,4810
294700,64512,4810
294800,64512,4811
294900,64512,4812
295000,64512,4814
295100,64512,4816
295200,64512,4818
295300,64512,4819
295400,64512,4820
295500,64512,4822
295600,64512,4823
295700,64512,4824
295800,64512,4827
295900,64512,4828
296000,64512,4828
296100,64512,4831
296200,64512,4831
296300,64512,4832
296400,64512,4833
296500,64512,4835
296600,64512,4836
296700,64512,4837
296800,64512,4837
296900,64512,4840
297000,64512,4841
297100,64512,4843
297200,64512,4846
297300,64512,4848
297400,64512,4849
297500,64512,4849
297600,64512,4853
297700,64512,4854
297800,64512,4855
297900,64512,4856
298000,65024,4856
298100,65024,4857
298200,65024,4859
298300,65536,4861
298400,65536,4864
298500,65536,4865
298600,65536,4866
298700,65536,4868
298800,65536,4869
298900,65536,4872
299000,65536,4872
299100,65536,4873
299200,65536,4874
299300,65536,4875
299400,65536,4878
299500,65536,4879
299600,65536,4880
299700,65536,4883
299800,65536,4884
299900,65536,4885
300000,65536,4885
